0 [2532, 354, 79, 134] 2 0
1 [2532, 354, 79, 134] 2 0
2 [2531, 358, 79, 134] 2 0
3 [2530, 362, 79, 134] 2 0
4 [2531, 366, 79, 134] 2 0
5 [2530, 372, 79, 134] 2 0
6 [2529, 378, 79, 134] 2 0
7 [2521, 388, 82, 141] 2 0
8 [2521, 388, 82, 141] 2 0
9 [2521, 393, 82, 141] 2 0
10 [2521, 400, 82, 141] 2 0
11 [2521, 403, 82, 141] 2 0
12 [2519, 410, 82, 141] 2 0
13 [2519, 415, 82, 141] 2 0
14 [2517, 433, 84, 133] 2 0
15 [2517, 433, 84, 133] 2 0
16 [2517, 438, 84, 133] 2 0
17 [2515, 443, 84, 133] 2 0
18 [2515, 450, 84, 133] 2 0
19 [2515, 453, 84, 133] 2 0
20 [2513, 460, 84, 133] 2 0
21 [2522, 473, 86, 130] 2 0
22 [2522, 473, 86, 130] 2 0
23 [2522, 479, 86, 130] 2 0
24 [2520, 485, 86, 130] 2 0
25 [2520, 491, 86, 130] 2 0
26 [2520, 495, 86, 130] 2 0
27 [2518, 501, 86, 130] 2 0
28 [2512, 514, 92, 127] 2 0
29 [2512, 514, 92, 127] 2 0
30 [2510, 519, 92, 127] 2 0
31 [2510, 524, 92, 127] 2 0
32 [2508, 531, 92, 127] 2 0
33 [2506, 536, 92, 127] 2 0
34 [2506, 543, 92, 127] 2 0
35 [2501, 551, 79, 122] 2 0
36 [2501, 551, 79, 122] 2 0
37 [2500, 557, 79, 122] 2 0
38 [2501, 563, 79, 122] 2 0
39 [2500, 567, 79, 122] 2 0
40 [2499, 573, 79, 122] 2 0
41 [2498, 579, 79, 122] 2 0
42 [2490, 591, 76, 137] 2 0
43 [2490, 591, 76, 137] 2 0
44 [2490, 596, 76, 137] 2 0
45 [2488, 601, 76, 137] 2 0
46 [2488, 608, 76, 137] 2 0
47 [2486, 613, 76, 137] 2 0
48 [2486, 620, 76, 137] 2 0
49 [2476, 621, 92, 153] 2 0
50 [2476, 621, 92, 153] 2 0
51 [2474, 626, 92, 153] 2 0
52 [2474, 631, 92, 153] 2 0
53 [2472, 638, 92, 153] 2 0
54 [2472, 643, 92, 153] 2 0
55 [2470, 650, 92, 153] 2 0
56 [2478, 675, 80, 134] 2 0
57 [2478, 675, 80, 134] 2 0
58 [2476, 681, 80, 134] 2 0
59 [2476, 687, 80, 134] 2 0
60 [2474, 691, 80, 134] 2 0
61 [2472, 697, 80, 134] 2 0
62 [2472, 703, 80, 134] 2 0
63 [2474, 718, 85, 130] 2 0
64 [2474, 718, 85, 130] 2 0
0 [2432, 26, 84, 158] 1 1
1 [2432, 26, 84, 158] 1 1
2 [2432, 30, 84, 158] 1 1
3 [2432, 36, 84, 158] 1 1
4 [2432, 42, 84, 158] 1 1
5 [2432, 46, 84, 158] 1 1
6 [2432, 50, 84, 158] 1 1
7 [2430, 75, 83, 118] 1 1
8 [2430, 75, 83, 118] 1 1
9 [2431, 79, 83, 118] 1 1
10 [2430, 85, 83, 118] 1 1
11 [2431, 89, 83, 118] 1 1
12 [2430, 95, 83, 118] 1 1
13 [2431, 99, 83, 118] 1 1
14 [2431, 107, 82, 130] 1 1
15 [2431, 107, 82, 130] 1 1
16 [2431, 111, 82, 130] 1 1
17 [2431, 117, 82, 130] 1 1
18 [2431, 121, 82, 130] 1 1
19 [2431, 125, 82, 130] 1 1
20 [2433, 131, 82, 130] 1 1
21 [2435, 143, 74, 125] 1 1
22 [2435, 143, 74, 125] 1 1
23 [2435, 148, 74, 125] 1 1
24 [2435, 151, 74, 125] 1 1
25 [2437, 158, 74, 125] 1 1
26 [2437, 161, 74, 125] 1 1
27 [2437, 168, 74, 125] 1 1
28 [2439, 175, 84, 126] 1 1
29 [2439, 175, 84, 126] 1 1
30 [2439, 179, 84, 126] 1 1
31 [2439, 185, 84, 126] 1 1
32 [2439, 189, 84, 126] 1 1
33 [2439, 195, 84, 126] 1 1
34 [2441, 201, 84, 126] 1 1
35 [2442, 213, 83, 130] 1 1
36 [2442, 213, 83, 130] 1 1
37 [2443, 217, 83, 130] 1 1
38 [2442, 221, 83, 130] 1 1
39 [2443, 225, 83, 130] 1 1
40 [2442, 231, 83, 130] 1 1
41 [2443, 237, 83, 130] 1 1
42 [2441, 233, 93, 151] 1 1
43 [2441, 233, 93, 151] 1 1
44 [2442, 236, 93, 151] 1 1
45 [2441, 241, 93, 151] 1 1
46 [2442, 244, 93, 151] 1 1
47 [2441, 251, 93, 151] 1 1
48 [2442, 254, 93, 151] 1 1
49 [2450, 277, 75, 126] 1 1
50 [2450, 277, 75, 126] 1 1
51 [2449, 281, 75, 126] 1 1
52 [2448, 287, 75, 126] 1 1
53 [2449, 293, 75, 126] 1 1
54 [2448, 299, 75, 126] 1 1
55 [2449, 305, 75, 126] 1 1
56 [2448, 319, 73, 129] 1 1
57 [2448, 319, 73, 129] 1 1
58 [2447, 324, 73, 129] 1 1
59 [2448, 329, 73, 129] 1 1
60 [2447, 336, 73, 129] 1 1
61 [2448, 341, 73, 129] 1 1
62 [2447, 348, 73, 129] 1 1
63 [2443, 359, 73, 127] 1 1
64 [2443, 359, 73, 127] 1 1
0 [962, 1856, 178, 56] 1 3
1 [962, 1856, 178, 56] 1 3
2 [966, 1856, 178, 56] 1 3
3 [972, 1856, 178, 56] 1 3
4 [976, 1856, 178, 56] 1 3
5 [982, 1858, 178, 56] 1 3
6 [990, 1858, 178, 56] 1 3
7 [996, 1858, 178, 56] 1 3
8 [1000, 1858, 178, 56] 1 3
9 [1006, 1858, 178, 56] 1 3
10 [1014, 1860, 178, 56] 1 3
11 [1020, 1860, 178, 56] 1 3
12 [1024, 1860, 178, 56] 1 3
13 [1030, 1860, 178, 56] 1 3
14 [1038, 1860, 178, 56] 1 3
15 [1044, 1860, 178, 56] 1 3
16 [1050, 1860, 178, 56] 1 3
17 [1056, 1860, 178, 56] 1 3
18 [1062, 1862, 178, 56] 1 3
19 [1070, 1862, 178, 56] 1 3
20 [1076, 1862, 178, 56] 1 3
21 [1113, 1859, 140, 61] 1 3
22 [1113, 1859, 140, 61] 1 3
23 [1119, 1860, 140, 61] 1 3
24 [1129, 1859, 140, 61] 1 3
25 [1133, 1860, 140, 61] 1 3
26 [1141, 1859, 140, 61] 1 3
27 [1147, 1860, 140, 61] 1 3
28 [1151, 1864, 167, 57] 1 3
29 [1151, 1864, 167, 57] 1 3
30 [1158, 1865, 167, 57] 1 3
31 [1167, 1866, 167, 57] 1 3
32 [1174, 1865, 167, 57] 1 3
33 [1181, 1866, 167, 57] 1 3
34 [1188, 1865, 167, 57] 1 3
35 [1202, 1856, 158, 70] 1 3
36 [1202, 1856, 158, 70] 1 3
37 [1210, 1856, 158, 70] 1 3
38 [1218, 1856, 158, 70] 1 3
39 [1224, 1856, 158, 70] 1 3
40 [1234, 1856, 158, 70] 1 3
41 [1240, 1856, 158, 70] 1 3
42 [1259, 1858, 151, 62] 1 3
43 [1259, 1858, 151, 62] 1 3
44 [1266, 1858, 151, 62] 1 3
45 [1275, 1858, 151, 62] 1 3
46 [1284, 1856, 151, 62] 1 3
47 [1293, 1858, 151, 62] 1 3
48 [1300, 1856, 151, 62] 1 3
49 [1314, 1861, 163, 55] 1 3
50 [1314, 1861, 163, 55] 1 3
51 [1323, 1860, 163, 55] 1 3
52 [1330, 1861, 163, 55] 1 3
53 [1339, 1860, 163, 55] 1 3
54 [1346, 1861, 163, 55] 1 3
55 [1355, 1860, 163, 55] 1 3
56 [1380, 1857, 156, 61] 1 3
57 [1380, 1857, 156, 61] 1 3
58 [1388, 1856, 156, 61] 1 3
59 [1396, 1855, 156, 61] 1 3
60 [1406, 1856, 156, 61] 1 3
61 [1414, 1855, 156, 61] 1 3
62 [1422, 1854, 156, 61] 1 3
63 [1436, 1849, 149, 65] 1 3
64 [1436, 1849, 149, 65] 1 3
0 [947, 1711, 148, 74] 1 4
1 [947, 1711, 148, 74] 1 4
2 [953, 1709, 148, 74] 1 4
3 [957, 1709, 148, 74] 1 4
4 [963, 1707, 148, 74] 1 4
5 [971, 1707, 148, 74] 1 4
6 [977, 1705, 148, 74] 1 4
7 [973, 1708, 158, 70] 1 4
8 [973, 1708, 158, 70] 1 4
9 [981, 1708, 158, 70] 1 4
10 [987, 1706, 158, 70] 1 4
11 [995, 1704, 158, 70] 1 4
12 [1003, 1704, 158, 70] 1 4
13 [1009, 1704, 158, 70] 1 4
14 [1030, 1700, 161, 61] 1 4
15 [1030, 1700, 161, 61] 1 4
16 [1037, 1699, 161, 61] 1 4
17 [1046, 1700, 161, 61] 1 4
18 [1051, 1699, 161, 61] 1 4
19 [1060, 1700, 161, 61] 1 4
20 [1067, 1699, 161, 61] 1 4
21 [1091, 1700, 141, 67] 1 4
22 [1091, 1700, 141, 67] 1 4
23 [1098, 1701, 141, 67] 1 4
24 [1105, 1700, 141, 67] 1 4
25 [1114, 1701, 141, 67] 1 4
26 [1119, 1702, 141, 67] 1 4
27 [1128, 1703, 141, 67] 1 4
28 [1132, 1707, 154, 67] 1 4
29 [1132, 1707, 154, 67] 1 4
30 [1140, 1708, 154, 67] 1 4
31 [1148, 1709, 154, 67] 1 4
32 [1154, 1708, 154, 67] 1 4
33 [1164, 1709, 154, 67] 1 4
34 [1170, 1708, 154, 67] 1 4
35 [1188, 1713, 147, 62] 1 4
36 [1188, 1713, 147, 62] 1 4
37 [1195, 1713, 147, 62] 1 4
38 [1204, 1713, 147, 62] 1 4
39 [1213, 1713, 147, 62] 1 4
40 [1220, 1715, 147, 62] 1 4
41 [1229, 1715, 147, 62] 1 4
42 [1247, 1713, 145, 59] 1 4
43 [1247, 1713, 145, 59] 1 4
44 [1254, 1714, 145, 59] 1 4
45 [1263, 1715, 145, 59] 1 4
46 [1272, 1714, 145, 59] 1 4
47 [1279, 1715, 145, 59] 1 4
48 [1288, 1716, 145, 59] 1 4
49 [1299, 1715, 151, 55] 1 4
50 [1299, 1715, 151, 55] 1 4
51 [1308, 1716, 151, 55] 1 4
52 [1317, 1717, 151, 55] 1 4
53 [1324, 1716, 151, 55] 1 4
54 [1335, 1717, 151, 55] 1 4
55 [1342, 1718, 151, 55] 1 4
56 [1364, 1715, 140, 58] 1 4
57 [1364, 1715, 140, 58] 1 4
58 [1372, 1715, 140, 58] 1 4
59 [1382, 1715, 140, 58] 1 4
60 [1390, 1717, 140, 58] 1 4
61 [1400, 1717, 140, 58] 1 4
62 [1408, 1717, 140, 58] 1 4
63 [1426, 1717, 132, 61] 1 4
64 [1426, 1717, 132, 61] 1 4
25 [2569, 8, 65, 162] 1 5
26 [2569, 8, 65, 162] 1 5
27 [2570, 14, 65, 162] 1 5
28 [2558, 49, 77, 136] 1 5
29 [2558, 49, 77, 136] 1 5
30 [2559, 55, 77, 136] 1 5
31 [2560, 61, 77, 136] 1 5
32 [2559, 69, 77, 136] 1 5
33 [2560, 75, 77, 136] 1 5
34 [2559, 81, 77, 136] 1 5
35 [2561, 97, 75, 127] 1 5
36 [2561, 97, 75, 127] 1 5
37 [2562, 104, 75, 127] 1 5
38 [2563, 111, 75, 127] 1 5
39 [2562, 118, 75, 127] 1 5
40 [2563, 127, 75, 127] 1 5
41 [2562, 134, 75, 127] 1 5
42 [2562, 144, 78, 133] 1 5
43 [2562, 144, 78, 133] 1 5
44 [2562, 151, 78, 133] 1 5
45 [2562, 160, 78, 133] 1 5
46 [2564, 167, 78, 133] 1 5
47 [2566, 176, 78, 133] 1 5
48 [2564, 183, 78, 133] 1 5
49 [2562, 199, 78, 126] 1 5
50 [2562, 199, 78, 126] 1 5
51 [2562, 207, 78, 126] 1 5
52 [2562, 215, 78, 126] 1 5
53 [2564, 223, 78, 126] 1 5
54 [2566, 231, 78, 126] 1 5
55 [2564, 239, 78, 126] 1 5
56 [2564, 242, 81, 154] 1 5
57 [2564, 242, 81, 154] 1 5
58 [2565, 250, 81, 154] 1 5
59 [2566, 258, 81, 154] 1 5
60 [2565, 266, 81, 154] 1 5
61 [2566, 274, 81, 154] 1 5
62 [2565, 284, 81, 154] 1 5
63 [2564, 310, 78, 132] 1 5
64 [2564, 310, 78, 132] 1 5
