0 [595, 1011, 145, 67] 2 4
1 [595, 1011, 145, 67] 2 4
2 [586, 1010, 145, 67] 2 4
3 [577, 1011, 145, 67] 2 4
4 [568, 1010, 145, 67] 2 4
5 [557, 1011, 145, 67] 2 4
6 [548, 1010, 145, 67] 2 4
7 [528, 1011, 156, 58] 2 4
8 [528, 1011, 156, 58] 2 4
9 [520, 1011, 156, 58] 2 4
10 [510, 1011, 156, 58] 2 4
11 [502, 1011, 156, 58] 2 4
12 [492, 1011, 156, 58] 2 4
13 [482, 1011, 156, 58] 2 4
14 [450, 1016, 183, 46] 2 4
15 [450, 1016, 183, 46] 2 4
16 [441, 1016, 183, 46] 2 4
17 [430, 1016, 183, 46] 2 4
18 [423, 1014, 183, 46] 2 4
19 [412, 1012, 183, 46] 2 4
20 [403, 1014, 183, 46] 2 4
21 [410, 1013, 152, 52] 2 4
22 [410, 1013, 152, 52] 2 4
23 [402, 1013, 152, 52] 2 4
24 [392, 1013, 152, 52] 2 4
25 [384, 1013, 152, 52] 2 4
26 [374, 1011, 152, 52] 2 4
27 [366, 1013, 152, 52] 2 4
28 [329, 1012, 163, 47] 2 4
29 [329, 1012, 163, 47] 2 4
30 [320, 1011, 163, 47] 2 4
31 [311, 1010, 163, 47] 2 4
32 [302, 1011, 163, 47] 2 4
33 [293, 1010, 163, 47] 2 4
34 [282, 1011, 163, 47] 2 4
35 [279, 1004, 171, 53] 2 4
36 [279, 1004, 171, 53] 2 4
37 [270, 1003, 171, 53] 2 4
38 [263, 1004, 171, 53] 2 4
39 [252, 1003, 171, 53] 2 4
40 [243, 1004, 171, 53] 2 4
41 [234, 1003, 171, 53] 2 4
42 [225, 1002, 171, 53] 2 4
43 [216, 1001, 171, 53] 2 4
44 [207, 1002, 171, 53] 2 4
45 [198, 1001, 171, 53] 2 4
46 [189, 1002, 171, 53] 2 4
47 [178, 1001, 171, 53] 2 4
48 [171, 1000, 171, 53] 2 4
49 [162, 999, 171, 53] 2 4
50 [153, 1000, 171, 53] 2 4
51 [144, 999, 171, 53] 2 4
52 [135, 998, 171, 53] 2 4
53 [126, 997, 171, 53] 2 4
54 [119, 998, 171, 53] 2 4
55 [108, 997, 171, 53] 2 4
56 [101, 998, 171, 53] 2 4
57 [92, 997, 171, 53] 2 4
58 [83, 996, 171, 53] 2 4
59 [74, 995, 171, 53] 2 4
60 [67, 994, 171, 53] 2 4
61 [58, 993, 171, 53] 2 4
62 [49, 994, 171, 53] 2 4
63 [-1, 986, 201, 49] 2 4
64 [0, 986, 200, 49] 2 4
65 [0, 985, 193, 49] 2 4
66 [0, 986, 182, 49] 2 4
67 [0, 985, 175, 49] 2 4
68 [0, 984, 164, 49] 2 4
69 [0, 983, 157, 49] 2 4
70 [0, 982, 148, 49] 2 4
71 [0, 981, 139, 49] 2 4
72 [0, 980, 130, 49] 2 4
73 [0, 979, 123, 49] 2 4
74 [0, 978, 116, 49] 2 4
75 [0, 977, 109, 49] 2 4
76 [0, 976, 102, 49] 2 4
77 [0, 973, 126, 78] 2 4
78 [0, 961, 120, 94] 2 4
79 [0, 969, 115, 86] 2 4
80 [0, 972, 105, 84] 2 4
81 [0, 974, 93, 67] 2 4
82 [0, 973, 93, 73] 2 4
83 [0, 973, 87, 66] 2 4
84 [0, 977, 73, 60] 2 4
85 [0, 973, 65, 71] 2 4
86 [0, 972, 55, 66] 2 4
87 [0, 973, 51, 70] 2 4
88 [0, 982, 40, 50] 2 4
89 [0, 979, 40, 53] 2 4
0 [740, 802, 143, 65] 1 3
1 [740, 802, 143, 65] 1 3
2 [731, 801, 143, 65] 1 3
3 [722, 802, 143, 65] 1 3
4 [713, 801, 143, 65] 1 3
5 [704, 800, 143, 65] 1 3
6 [695, 799, 143, 65] 1 3
7 [672, 803, 138, 60] 1 3
8 [672, 803, 138, 60] 1 3
9 [662, 803, 138, 60] 1 3
10 [656, 803, 138, 60] 1 3
11 [644, 801, 138, 60] 1 3
12 [634, 799, 138, 60] 1 3
13 [628, 801, 138, 60] 1 3
14 [583, 795, 169, 71] 1 3
15 [583, 795, 169, 71] 1 3
16 [574, 794, 169, 71] 1 3
17 [565, 795, 169, 71] 1 3
18 [556, 794, 169, 71] 1 3
19 [545, 795, 169, 71] 1 3
20 [536, 794, 169, 71] 1 3
21 [527, 793, 169, 71] 1 3
22 [518, 792, 169, 71] 1 3
23 [509, 793, 169, 71] 1 3
24 [500, 792, 169, 71] 1 3
25 [491, 791, 169, 71] 1 3
26 [482, 790, 169, 71] 1 3
27 [471, 791, 169, 71] 1 3
28 [462, 790, 169, 71] 1 3
29 [453, 791, 169, 71] 1 3
30 [444, 790, 169, 71] 1 3
31 [435, 789, 169, 71] 1 3
32 [426, 788, 169, 71] 1 3
33 [415, 789, 169, 71] 1 3
34 [408, 788, 169, 71] 1 3
35 [387, 795, 194, 69] 1 3
36 [387, 795, 194, 69] 1 3
37 [379, 794, 194, 69] 1 3
38 [369, 793, 194, 69] 1 3
39 [359, 794, 194, 69] 1 3
40 [351, 793, 194, 69] 1 3
41 [341, 792, 194, 69] 1 3
42 [331, 791, 194, 69] 1 3
43 [323, 790, 194, 69] 1 3
44 [315, 789, 194, 69] 1 3
45 [303, 790, 194, 69] 1 3
46 [293, 789, 194, 69] 1 3
47 [283, 788, 194, 69] 1 3
48 [275, 787, 194, 69] 1 3
49 [265, 786, 194, 69] 1 3
50 [255, 785, 194, 69] 1 3
51 [247, 784, 194, 69] 1 3
52 [237, 783, 194, 69] 1 3
53 [227, 782, 194, 69] 1 3
54 [217, 781, 194, 69] 1 3
55 [209, 780, 194, 69] 1 3
56 [199, 779, 194, 69] 1 3
57 [191, 778, 194, 69] 1 3
58 [183, 775, 194, 69] 1 3
59 [173, 776, 194, 69] 1 3
60 [163, 773, 194, 69] 1 3
61 [155, 772, 194, 69] 1 3
62 [145, 771, 194, 69] 1 3
63 [119, 764, 188, 57] 1 3
64 [119, 764, 188, 57] 1 3
65 [109, 763, 188, 57] 1 3
66 [99, 762, 188, 57] 1 3
67 [91, 759, 188, 57] 1 3
68 [83, 758, 188, 57] 1 3
69 [73, 755, 188, 57] 1 3
70 [75, 752, 160, 74] 1 3
71 [75, 752, 160, 74] 1 3
72 [67, 750, 160, 74] 1 3
73 [57, 750, 160, 74] 1 3
74 [51, 748, 160, 74] 1 3
75 [41, 744, 160, 74] 1 3
76 [33, 742, 160, 74] 1 3
77 [25, 740, 160, 74] 1 3
78 [17, 736, 160, 74] 1 3
79 [9, 734, 160, 74] 1 3
80 [0, 732, 159, 74] 1 3
81 [0, 726, 149, 74] 1 3
82 [0, 724, 141, 74] 1 3
83 [0, 720, 133, 74] 1 3
84 [-1, 697, 122, 97] 1 3
85 [0, 697, 121, 97] 1 3
86 [0, 694, 115, 97] 1 3
87 [0, 691, 107, 97] 1 3
88 [0, 688, 99, 97] 1 3
89 [0, 683, 91, 97] 1 3
90 [0, 702, 88, 67] 1 3
91 [0, 697, 84, 70] 1 3
92 [0, 697, 84, 70] 1 3
93 [0, 695, 80, 70] 1 3
94 [0, 707, 92, 87] 1 3
95 [0, 707, 77, 77] 1 3
96 [0, 707, 79, 76] 1 3
97 [0, 712, 68, 65] 1 3
98 [0, 709, 56, 64] 1 3
99 [0, 702, 53, 81] 1 3
100 [0, 704, 53, 68] 1 3
0 [1093, 1040, 152, 54] 2 2
1 [1093, 1040, 152, 54] 2 2
2 [1085, 1040, 152, 54] 2 2
3 [1077, 1040, 152, 54] 2 2
4 [1067, 1040, 152, 54] 2 2
5 [1057, 1040, 152, 54] 2 2
6 [1049, 1040, 152, 54] 2 2
7 [1033, 1043, 154, 52] 2 2
8 [1033, 1043, 154, 52] 2 2
9 [1025, 1043, 154, 52] 2 2
10 [1015, 1043, 154, 52] 2 2
11 [1007, 1043, 154, 52] 2 2
12 [997, 1043, 154, 52] 2 2
13 [989, 1043, 154, 52] 2 2
14 [981, 1038, 152, 56] 2 2
15 [981, 1038, 152, 56] 2 2
16 [973, 1038, 152, 56] 2 2
17 [963, 1038, 152, 56] 2 2
18 [953, 1038, 152, 56] 2 2
19 [947, 1038, 152, 56] 2 2
20 [937, 1038, 152, 56] 2 2
21 [928, 1040, 139, 58] 2 2
22 [928, 1040, 139, 58] 2 2
23 [919, 1040, 139, 58] 2 2
24 [910, 1040, 139, 58] 2 2
25 [901, 1040, 139, 58] 2 2
26 [892, 1040, 139, 58] 2 2
27 [885, 1040, 139, 58] 2 2
28 [870, 1038, 128, 58] 2 2
29 [870, 1038, 128, 58] 2 2
30 [862, 1038, 128, 58] 2 2
31 [852, 1038, 128, 58] 2 2
32 [844, 1038, 128, 58] 2 2
33 [836, 1038, 128, 58] 2 2
34 [826, 1038, 128, 58] 2 2
35 [812, 1040, 139, 56] 2 2
36 [812, 1040, 139, 56] 2 2
37 [803, 1040, 139, 56] 2 2
38 [794, 1040, 139, 56] 2 2
39 [787, 1040, 139, 56] 2 2
40 [778, 1040, 139, 56] 2 2
41 [769, 1040, 139, 56] 2 2
42 [741, 1041, 147, 58] 2 2
43 [741, 1041, 147, 58] 2 2
44 [732, 1041, 147, 58] 2 2
45 [725, 1041, 147, 58] 2 2
46 [714, 1041, 147, 58] 2 2
47 [707, 1041, 147, 58] 2 2
48 [698, 1041, 147, 58] 2 2
49 [675, 1040, 153, 54] 2 2
50 [675, 1040, 153, 54] 2 2
51 [666, 1040, 153, 54] 2 2
52 [657, 1040, 153, 54] 2 2
53 [650, 1040, 153, 54] 2 2
54 [639, 1040, 153, 54] 2 2
55 [632, 1040, 153, 54] 2 2
56 [604, 1035, 162, 66] 2 2
57 [604, 1035, 162, 66] 2 2
58 [596, 1035, 162, 66] 2 2
59 [586, 1035, 162, 66] 2 2
60 [580, 1035, 162, 66] 2 2
61 [570, 1035, 162, 66] 2 2
62 [564, 1035, 162, 66] 2 2
63 [573, 1039, 142, 57] 2 2
64 [573, 1039, 142, 57] 2 2
65 [565, 1038, 142, 57] 2 2
66 [557, 1037, 142, 57] 2 2
67 [547, 1038, 142, 57] 2 2
68 [539, 1037, 142, 57] 2 2
69 [529, 1038, 142, 57] 2 2
70 [470, 1031, 185, 62] 2 2
71 [470, 1031, 185, 62] 2 2
72 [461, 1031, 185, 62] 2 2
73 [454, 1031, 185, 62] 2 2
74 [445, 1031, 185, 62] 2 2
75 [436, 1031, 185, 62] 2 2
76 [427, 1031, 185, 62] 2 2
77 [445, 1032, 140, 59] 2 2
78 [445, 1032, 140, 59] 2 2
79 [437, 1031, 140, 59] 2 2
80 [429, 1030, 140, 59] 2 2
81 [419, 1031, 140, 59] 2 2
82 [413, 1030, 140, 59] 2 2
83 [403, 1029, 140, 59] 2 2
84 [382, 1027, 140, 59] 2 2
85 [382, 1027, 140, 59] 2 2
86 [374, 1026, 140, 59] 2 2
87 [366, 1027, 140, 59] 2 2
88 [356, 1026, 140, 59] 2 2
89 [348, 1025, 140, 59] 2 2
90 [338, 1024, 140, 59] 2 2
91 [318, 1028, 161, 55] 2 2
92 [318, 1028, 161, 55] 2 2
93 [309, 1027, 161, 55] 2 2
94 [302, 1026, 161, 55] 2 2
95 [293, 1027, 161, 55] 2 2
96 [284, 1026, 161, 55] 2 2
97 [275, 1025, 161, 55] 2 2
98 [269, 1018, 160, 56] 2 2
99 [269, 1018, 160, 56] 2 2
100 [261, 1018, 160, 56] 2 2
101 [253, 1018, 160, 56] 2 2
102 [243, 1016, 160, 56] 2 2
103 [233, 1016, 160, 56] 2 2
104 [227, 1016, 160, 56] 2 2
105 [207, 1013, 154, 63] 2 2
106 [207, 1013, 154, 63] 2 2
107 [199, 1012, 154, 63] 2 2
108 [191, 1013, 154, 63] 2 2
109 [181, 1010, 154, 63] 2 2
110 [173, 1011, 154, 63] 2 2
111 [165, 1008, 154, 63] 2 2
112 [157, 1009, 154, 63] 2 2
113 [149, 1006, 154, 63] 2 2
114 [141, 1007, 154, 63] 2 2
115 [133, 1004, 154, 63] 2 2
116 [125, 1003, 154, 63] 2 2
117 [117, 1002, 154, 63] 2 2
118 [109, 1001, 154, 63] 2 2
119 [99, 998, 154, 63] 2 2
120 [91, 997, 154, 63] 2 2
121 [85, 996, 154, 63] 2 2
122 [77, 995, 154, 63] 2 2
123 [69, 992, 154, 63] 2 2
124 [63, 991, 154, 63] 2 2
125 [55, 988, 154, 63] 2 2
126 [19, 983, 177, 51] 2 2
127 [19, 983, 177, 51] 2 2
128 [12, 982, 177, 51] 2 2
129 [3, 979, 177, 51] 2 2
130 [0, 976, 173, 51] 2 2
131 [0, 975, 166, 51] 2 2
132 [0, 972, 159, 51] 2 2
133 [0, 969, 150, 51] 2 2
134 [0, 964, 143, 51] 2 2
135 [0, 961, 134, 51] 2 2
136 [0, 956, 127, 51] 2 2
137 [0, 951, 116, 51] 2 2
138 [0, 950, 113, 51] 2 2
139 [0, 931, 139, 116] 2 2
140 [0, 923, 138, 125] 2 2
141 [0, 936, 130, 105] 2 2
142 [0, 931, 130, 106] 2 2
143 [0, 932, 124, 108] 2 2
144 [0, 937, 112, 89] 2 2
145 [0, 945, 112, 81] 2 2
146 [0, 937, 101, 89] 2 2
147 [0, 935, 99, 73] 2 2
148 [0, 933, 94, 88] 2 2
149 [0, 936, 91, 89] 2 2
150 [0, 936, 80, 84] 2 2
151 [0, 941, 64, 60] 2 2
152 [0, 940, 63, 55] 2 2
153 [0, 944, 53, 61] 2 2
154 [0, 942, 48, 57] 2 2
155 [0, 936, 47, 60] 2 2
156 [0, 919, 46, 75] 2 2
157 [0, 929, 35, 60] 2 2
0 [1359, 1241, 379, 187] 3 6
1 [1359, 1241, 379, 187] 3 6
2 [1348, 1242, 379, 187] 3 6
3 [1335, 1245, 379, 187] 3 6
4 [1322, 1246, 379, 187] 3 6
5 [1309, 1249, 379, 187] 3 6
6 [1296, 1250, 379, 187] 3 6
7 [1283, 1237, 378, 211] 3 6
8 [1283, 1237, 378, 211] 3 6
9 [1271, 1238, 378, 211] 3 6
10 [1259, 1241, 378, 211] 3 6
11 [1247, 1242, 378, 211] 3 6
12 [1233, 1243, 378, 211] 3 6
13 [1221, 1244, 378, 211] 3 6
14 [1188, 1273, 378, 189] 3 6
15 [1188, 1273, 378, 189] 3 6
16 [1176, 1274, 378, 189] 3 6
17 [1164, 1275, 378, 189] 3 6
18 [1152, 1276, 378, 189] 3 6
19 [1140, 1277, 378, 189] 3 6
20 [1126, 1278, 378, 189] 3 6
21 [1105, 1287, 344, 159] 3 6
22 [1105, 1287, 344, 159] 3 6
23 [1093, 1288, 344, 159] 3 6
24 [1081, 1291, 344, 159] 3 6
25 [1069, 1290, 344, 159] 3 6
26 [1057, 1293, 344, 159] 3 6
27 [1043, 1294, 344, 159] 3 6
28 [1013, 1283, 378, 184] 3 6
29 [1013, 1283, 378, 184] 3 6
30 [1001, 1283, 378, 184] 3 6
31 [989, 1285, 378, 184] 3 6
32 [977, 1287, 378, 184] 3 6
33 [965, 1287, 378, 184] 3 6
34 [953, 1289, 378, 184] 3 6
35 [935, 1291, 357, 188] 3 6
36 [935, 1291, 357, 188] 3 6
37 [924, 1293, 357, 188] 3 6
38 [911, 1293, 357, 188] 3 6
39 [900, 1293, 357, 188] 3 6
40 [887, 1295, 357, 188] 3 6
41 [876, 1297, 357, 188] 3 6
42 [857, 1302, 357, 184] 3 6
43 [857, 1302, 357, 184] 3 6
44 [846, 1304, 357, 184] 3 6
45 [833, 1306, 357, 184] 3 6
46 [822, 1306, 357, 184] 3 6
47 [809, 1308, 357, 184] 3 6
48 [798, 1310, 357, 184] 3 6
49 [763, 1323, 387, 180] 3 6
50 [763, 1323, 387, 180] 3 6
51 [752, 1325, 387, 180] 3 6
52 [741, 1325, 387, 180] 3 6
53 [728, 1325, 387, 180] 3 6
54 [717, 1327, 387, 180] 3 6
55 [704, 1331, 387, 180] 3 6
56 [686, 1312, 391, 208] 3 6
57 [686, 1312, 391, 208] 3 6
58 [675, 1314, 391, 208] 3 6
59 [662, 1316, 391, 208] 3 6
60 [651, 1316, 391, 208] 3 6
61 [640, 1318, 391, 208] 3 6
62 [629, 1320, 391, 208] 3 6
63 [624, 1321, 366, 219] 3 6
64 [624, 1321, 366, 219] 3 6
65 [614, 1322, 366, 219] 3 6
66 [600, 1325, 366, 219] 3 6
67 [590, 1326, 366, 219] 3 6
68 [578, 1329, 366, 219] 3 6
69 [566, 1330, 366, 219] 3 6
70 [513, 1350, 387, 204] 3 6
71 [513, 1350, 387, 204] 3 6
72 [502, 1352, 387, 204] 3 6
73 [493, 1354, 387, 204] 3 6
74 [482, 1354, 387, 204] 3 6
75 [471, 1356, 387, 204] 3 6
76 [460, 1358, 387, 204] 3 6
77 [437, 1363, 374, 201] 3 6
78 [437, 1363, 374, 201] 3 6
79 [427, 1364, 374, 201] 3 6
80 [417, 1365, 374, 201] 3 6
81 [407, 1368, 374, 201] 3 6
82 [395, 1369, 374, 201] 3 6
83 [385, 1372, 374, 201] 3 6
84 [368, 1388, 350, 190] 3 6
85 [368, 1388, 350, 190] 3 6
86 [358, 1390, 350, 190] 3 6
87 [346, 1390, 350, 190] 3 6
88 [336, 1392, 350, 190] 3 6
89 [328, 1396, 350, 190] 3 6
90 [316, 1398, 350, 190] 3 6
91 [290, 1395, 385, 210] 3 6
92 [290, 1395, 385, 210] 3 6
93 [281, 1397, 385, 210] 3 6
94 [272, 1401, 385, 210] 3 6
95 [261, 1403, 385, 210] 3 6
96 [252, 1405, 385, 210] 3 6
97 [239, 1409, 385, 210] 3 6
98 [227, 1420, 352, 192] 3 6
99 [227, 1420, 352, 192] 3 6
100 [217, 1422, 352, 192] 3 6
101 [209, 1426, 352, 192] 3 6
102 [199, 1430, 352, 192] 3 6
103 [187, 1432, 352, 192] 3 6
104 [177, 1436, 352, 192] 3 6
105 [168, 1432, 366, 216] 3 6
106 [168, 1432, 366, 216] 3 6
107 [158, 1436, 366, 216] 3 6
108 [146, 1438, 366, 216] 3 6
109 [136, 1442, 366, 216] 3 6
110 [128, 1446, 366, 216] 3 6
111 [118, 1450, 366, 216] 3 6
112 [95, 1460, 363, 236] 3 6
113 [95, 1460, 363, 236] 3 6
114 [86, 1464, 363, 236] 3 6
115 [77, 1468, 363, 236] 3 6
116 [66, 1472, 363, 236] 3 6
117 [57, 1476, 363, 236] 3 6
118 [46, 1480, 363, 236] 3 6
119 [31, 1494, 348, 217] 3 6
120 [31, 1494, 348, 217] 3 6
121 [21, 1499, 348, 217] 3 6
122 [9, 1504, 348, 217] 3 6
123 [0, 1507, 347, 217] 3 6
124 [0, 1512, 339, 217] 3 6
125 [0, 1517, 327, 217] 3 6
126 [-14, 1516, 336, 216] 3 6
127 [0, 1516, 322, 216] 3 6
128 [0, 1522, 312, 216] 3 6
129 [0, 1526, 302, 216] 3 6
130 [0, 1532, 292, 216] 3 6
131 [0, 1536, 282, 216] 3 6
132 [0, 1542, 272, 216] 3 6
133 [12, 1525, 231, 259] 3 6
134 [12, 1525, 231, 259] 3 6
135 [3, 1530, 231, 259] 3 6
136 [0, 1535, 223, 259] 3 6
137 [0, 1540, 214, 259] 3 6
138 [0, 1547, 205, 259] 3 6
139 [0, 1550, 196, 259] 3 6
140 [-14, 1557, 212, 256] 3 6
141 [0, 1557, 198, 256] 3 6
142 [0, 1561, 190, 256] 3 6
143 [0, 1567, 180, 256] 3 6
144 [0, 1569, 170, 256] 3 6
145 [0, 1575, 160, 256] 3 6
146 [0, 1579, 152, 256] 3 6
147 [-1, 1597, 147, 223] 3 6
148 [0, 1597, 146, 223] 3 6
149 [0, 1602, 137, 223] 3 6
150 [0, 1611, 128, 223] 3 6
151 [0, 1618, 119, 223] 3 6
152 [0, 1623, 110, 223] 3 6
153 [0, 1626, 99, 223] 3 6
154 [0, 1631, 88, 223] 3 6
155 [0, 1632, 75, 223] 3 6
156 [0, 1645, 70, 223] 3 6
157 [0, 1658, 61, 223] 3 6
158 [0, 1675, 50, 223] 3 6
0 [1303, 838, 143, 60] 2 0
1 [1303, 838, 143, 60] 2 0
2 [1296, 838, 143, 60] 2 0
3 [1289, 838, 143, 60] 2 0
4 [1280, 838, 143, 60] 2 0
5 [1273, 838, 143, 60] 2 0
6 [1264, 838, 143, 60] 2 0
7 [1233, 839, 148, 56] 2 0
8 [1233, 839, 148, 56] 2 0
9 [1225, 839, 148, 56] 2 0
10 [1217, 839, 148, 56] 2 0
11 [1209, 839, 148, 56] 2 0
12 [1201, 839, 148, 56] 2 0
13 [1193, 839, 148, 56] 2 0
14 [1176, 837, 155, 57] 2 0
15 [1176, 837, 155, 57] 2 0
16 [1169, 838, 155, 57] 2 0
17 [1160, 837, 155, 57] 2 0
18 [1153, 838, 155, 57] 2 0
19 [1144, 837, 155, 57] 2 0
20 [1135, 838, 155, 57] 2 0
21 [1109, 838, 162, 57] 2 0
22 [1109, 838, 162, 57] 2 0
23 [1101, 839, 162, 57] 2 0
24 [1093, 840, 162, 57] 2 0
25 [1085, 839, 162, 57] 2 0
26 [1077, 840, 162, 57] 2 0
27 [1069, 839, 162, 57] 2 0
28 [1066, 837, 153, 59] 2 0
29 [1066, 837, 153, 59] 2 0
30 [1059, 838, 153, 59] 2 0
31 [1050, 839, 153, 59] 2 0
32 [1043, 838, 153, 59] 2 0
33 [1034, 839, 153, 59] 2 0
34 [1025, 838, 153, 59] 2 0
35 [1016, 839, 153, 55] 2 0
36 [1016, 839, 153, 55] 2 0
37 [1009, 840, 153, 55] 2 0
38 [1002, 841, 153, 55] 2 0
39 [993, 840, 153, 55] 2 0
40 [986, 841, 153, 55] 2 0
41 [977, 840, 153, 55] 2 0
42 [957, 840, 152, 60] 2 0
43 [957, 840, 152, 60] 2 0
44 [949, 840, 152, 60] 2 0
45 [941, 840, 152, 60] 2 0
46 [933, 842, 152, 60] 2 0
47 [925, 842, 152, 60] 2 0
48 [917, 842, 152, 60] 2 0
49 [889, 845, 155, 57] 2 0
50 [889, 845, 155, 57] 2 0
51 [882, 846, 155, 57] 2 0
52 [875, 845, 155, 57] 2 0
53 [866, 848, 155, 57] 2 0
54 [859, 847, 155, 57] 2 0
55 [850, 848, 155, 57] 2 0
56 [842, 843, 156, 56] 2 0
57 [842, 843, 156, 56] 2 0
58 [834, 843, 156, 56] 2 0
59 [826, 845, 156, 56] 2 0
60 [816, 847, 156, 56] 2 0
61 [808, 847, 156, 56] 2 0
62 [800, 847, 156, 56] 2 0
63 [795, 849, 146, 61] 2 0
64 [795, 849, 146, 61] 2 0
65 [787, 850, 146, 61] 2 0
66 [779, 851, 146, 61] 2 0
67 [771, 852, 146, 61] 2 0
68 [763, 853, 146, 61] 2 0
69 [755, 854, 146, 61] 2 0
70 [733, 853, 159, 62] 2 0
71 [733, 853, 159, 62] 2 0
72 [726, 853, 159, 62] 2 0
73 [719, 853, 159, 62] 2 0
74 [710, 855, 159, 62] 2 0
75 [701, 855, 159, 62] 2 0
76 [694, 855, 159, 62] 2 0
77 [687, 855, 159, 62] 2 0
78 [678, 857, 159, 62] 2 0
79 [671, 857, 159, 62] 2 0
80 [662, 857, 159, 62] 2 0
81 [655, 857, 159, 62] 2 0
82 [648, 857, 159, 62] 2 0
83 [641, 857, 159, 62] 2 0
84 [598, 855, 173, 76] 2 0
85 [598, 855, 173, 76] 2 0
86 [591, 855, 173, 76] 2 0
87 [584, 855, 173, 76] 2 0
88 [575, 855, 173, 76] 2 0
89 [568, 853, 173, 76] 2 0
90 [561, 851, 173, 76] 2 0
91 [554, 851, 173, 76] 2 0
92 [545, 851, 173, 76] 2 0
93 [538, 851, 173, 76] 2 0
94 [529, 849, 173, 76] 2 0
95 [522, 847, 173, 76] 2 0
96 [513, 847, 173, 76] 2 0
97 [506, 847, 173, 76] 2 0
98 [499, 847, 173, 76] 2 0
99 [494, 845, 173, 76] 2 0
100 [485, 843, 173, 76] 2 0
101 [478, 843, 173, 76] 2 0
102 [471, 843, 173, 76] 2 0
103 [464, 841, 173, 76] 2 0
104 [455, 839, 173, 76] 2 0
105 [442, 835, 186, 85] 2 0
106 [442, 835, 186, 85] 2 0
107 [436, 834, 186, 85] 2 0
108 [426, 831, 186, 85] 2 0
109 [420, 830, 186, 85] 2 0
110 [412, 829, 186, 85] 2 0
111 [404, 828, 186, 85] 2 0
112 [416, 832, 172, 58] 2 0
113 [416, 832, 172, 58] 2 0
114 [408, 830, 172, 58] 2 0
115 [402, 830, 172, 58] 2 0
116 [394, 830, 172, 58] 2 0
117 [388, 828, 172, 58] 2 0
118 [380, 826, 172, 58] 2 0
119 [372, 826, 172, 58] 2 0
120 [366, 824, 172, 58] 2 0
121 [358, 822, 172, 58] 2 0
122 [350, 822, 172, 58] 2 0
123 [342, 820, 172, 58] 2 0
124 [336, 816, 172, 58] 2 0
125 [328, 814, 172, 58] 2 0
126 [320, 814, 172, 58] 2 0
127 [314, 814, 172, 58] 2 0
128 [306, 812, 172, 58] 2 0
129 [298, 810, 172, 58] 2 0
130 [292, 810, 172, 58] 2 0
131 [284, 808, 172, 58] 2 0
132 [278, 806, 172, 58] 2 0
133 [270, 806, 172, 58] 2 0
134 [264, 804, 172, 58] 2 0
135 [256, 802, 172, 58] 2 0
136 [248, 802, 172, 58] 2 0
137 [242, 800, 172, 58] 2 0
138 [236, 798, 172, 58] 2 0
139 [228, 798, 172, 58] 2 0
140 [222, 796, 172, 58] 2 0
141 [214, 794, 172, 58] 2 0
142 [208, 794, 172, 58] 2 0
143 [200, 792, 172, 58] 2 0
144 [194, 790, 172, 58] 2 0
145 [188, 790, 172, 58] 2 0
146 [182, 788, 172, 58] 2 0
147 [174, 786, 172, 58] 2 0
148 [168, 786, 172, 58] 2 0
149 [162, 784, 172, 58] 2 0
150 [156, 782, 172, 58] 2 0
151 [148, 782, 172, 58] 2 0
152 [142, 780, 172, 58] 2 0
153 [136, 776, 172, 58] 2 0
154 [114, 769, 179, 59] 2 0
155 [114, 769, 179, 59] 2 0
156 [107, 768, 179, 59] 2 0
157 [100, 767, 179, 59] 2 0
158 [95, 766, 179, 59] 2 0
159 [88, 765, 179, 59] 2 0
160 [83, 762, 179, 59] 2 0
161 [76, 761, 179, 59] 2 0
162 [71, 760, 179, 59] 2 0
163 [64, 759, 179, 59] 2 0
164 [59, 756, 179, 59] 2 0
165 [52, 755, 179, 59] 2 0
166 [47, 754, 179, 59] 2 0
167 [40, 753, 179, 59] 2 0
168 [35, 750, 179, 59] 2 0
169 [28, 749, 179, 59] 2 0
170 [23, 748, 179, 59] 2 0
171 [18, 747, 179, 59] 2 0
172 [13, 746, 179, 59] 2 0
173 [6, 745, 179, 59] 2 0
174 [1, 742, 179, 59] 2 0
175 [0, 743, 173, 59] 2 0
176 [0, 740, 170, 59] 2 0
177 [0, 739, 163, 59] 2 0
178 [0, 738, 158, 59] 2 0
179 [0, 737, 151, 59] 2 0
180 [0, 736, 148, 59] 2 0
181 [0, 735, 141, 59] 2 0
182 [-4, 724, 140, 60] 2 0
183 [0, 724, 136, 60] 2 0
184 [0, 724, 130, 60] 2 0
185 [0, 722, 126, 60] 2 0
186 [0, 722, 120, 60] 2 0
187 [0, 720, 116, 60] 2 0
188 [0, 720, 110, 60] 2 0
189 [0, 720, 104, 60] 2 0
190 [0, 718, 100, 60] 2 0
191 [0, 718, 94, 60] 2 0
192 [0, 738, 115, 62] 2 0
193 [0, 718, 86, 60] 2 0
194 [0, 718, 78, 60] 2 0
195 [0, 737, 104, 60] 2 0
196 [0, 735, 100, 61] 2 0
197 [0, 738, 88, 57] 2 0
198 [0, 738, 87, 58] 2 0
0 [1264, 969, 141, 53] 2 1
1 [1264, 969, 141, 53] 2 1
2 [1257, 968, 141, 53] 2 1
3 [1248, 967, 141, 53] 2 1
4 [1239, 968, 141, 53] 2 1
5 [1232, 967, 141, 53] 2 1
6 [1223, 968, 141, 53] 2 1
7 [1202, 959, 151, 55] 2 1
8 [1202, 959, 151, 55] 2 1
9 [1195, 960, 151, 55] 2 1
10 [1186, 961, 151, 55] 2 1
11 [1179, 960, 151, 55] 2 1
12 [1170, 959, 151, 55] 2 1
13 [1163, 958, 151, 55] 2 1
14 [1159, 958, 150, 52] 2 1
15 [1159, 958, 150, 52] 2 1
16 [1151, 958, 150, 52] 2 1
17 [1143, 958, 150, 52] 2 1
18 [1135, 958, 150, 52] 2 1
19 [1127, 958, 150, 52] 2 1
20 [1119, 956, 150, 52] 2 1
21 [1092, 955, 161, 53] 2 1
22 [1092, 955, 161, 53] 2 1
23 [1085, 954, 161, 53] 2 1
24 [1076, 953, 161, 53] 2 1
25 [1067, 954, 161, 53] 2 1
26 [1060, 953, 161, 53] 2 1
27 [1051, 954, 161, 53] 2 1
28 [1031, 957, 161, 58] 2 1
29 [1031, 957, 161, 58] 2 1
30 [1024, 957, 161, 58] 2 1
31 [1015, 957, 161, 58] 2 1
32 [1008, 957, 161, 58] 2 1
33 [999, 957, 161, 58] 2 1
34 [992, 957, 161, 58] 2 1
35 [993, 952, 156, 59] 2 1
36 [993, 952, 156, 59] 2 1
37 [985, 951, 156, 59] 2 1
38 [977, 950, 156, 59] 2 1
39 [969, 951, 156, 59] 2 1
40 [961, 950, 156, 59] 2 1
41 [953, 951, 156, 59] 2 1
42 [945, 950, 156, 59] 2 1
43 [937, 951, 156, 59] 2 1
44 [929, 950, 156, 59] 2 1
45 [921, 949, 156, 59] 2 1
46 [913, 948, 156, 59] 2 1
47 [905, 949, 156, 59] 2 1
48 [897, 948, 156, 59] 2 1
49 [877, 949, 160, 54] 2 1
50 [877, 949, 160, 54] 2 1
51 [869, 949, 160, 54] 2 1
52 [861, 949, 160, 54] 2 1
53 [853, 949, 160, 54] 2 1
54 [847, 949, 160, 54] 2 1
55 [837, 947, 160, 54] 2 1
56 [812, 945, 164, 51] 2 1
57 [812, 945, 164, 51] 2 1
58 [804, 944, 164, 51] 2 1
59 [796, 945, 164, 51] 2 1
60 [788, 944, 164, 51] 2 1
61 [780, 945, 164, 51] 2 1
62 [772, 944, 164, 51] 2 1
63 [767, 939, 159, 56] 2 1
64 [767, 939, 159, 56] 2 1
65 [760, 939, 159, 56] 2 1
66 [753, 939, 159, 56] 2 1
67 [744, 937, 159, 56] 2 1
68 [737, 939, 159, 56] 2 1
69 [728, 937, 159, 56] 2 1
70 [722, 942, 157, 55] 2 1
71 [722, 942, 157, 55] 2 1
72 [715, 941, 157, 55] 2 1
73 [708, 940, 157, 55] 2 1
74 [699, 941, 157, 55] 2 1
75 [694, 940, 157, 55] 2 1
76 [685, 941, 157, 55] 2 1
77 [656, 939, 159, 55] 2 1
78 [656, 939, 159, 55] 2 1
79 [649, 938, 159, 55] 2 1
80 [640, 939, 159, 55] 2 1
81 [633, 938, 159, 55] 2 1
82 [626, 939, 159, 55] 2 1
83 [619, 938, 159, 55] 2 1
84 [602, 934, 180, 54] 2 1
85 [602, 934, 180, 54] 2 1
86 [594, 934, 180, 54] 2 1
87 [588, 934, 180, 54] 2 1
88 [580, 934, 180, 54] 2 1
89 [574, 932, 180, 54] 2 1
90 [566, 934, 180, 54] 2 1
91 [559, 935, 152, 49] 2 1
92 [559, 935, 152, 49] 2 1
93 [551, 934, 152, 49] 2 1
94 [545, 933, 152, 49] 2 1
95 [539, 934, 152, 49] 2 1
96 [529, 933, 152, 49] 2 1
97 [525, 932, 152, 49] 2 1
98 [492, 931, 178, 53] 2 1
99 [492, 931, 178, 53] 2 1
100 [486, 930, 178, 53] 2 1
101 [480, 929, 178, 53] 2 1
102 [472, 930, 178, 53] 2 1
103 [464, 929, 178, 53] 2 1
104 [456, 928, 178, 53] 2 1
105 [450, 927, 178, 53] 2 1
106 [444, 926, 178, 53] 2 1
107 [434, 925, 178, 53] 2 1
108 [428, 926, 178, 53] 2 1
109 [420, 925, 178, 53] 2 1
110 [412, 924, 178, 53] 2 1
111 [406, 923, 178, 53] 2 1
112 [413, 927, 152, 54] 2 1
113 [413, 927, 152, 54] 2 1
114 [407, 927, 152, 54] 2 1
115 [397, 925, 152, 54] 2 1
116 [391, 925, 152, 54] 2 1
117 [383, 925, 152, 54] 2 1
118 [375, 923, 152, 54] 2 1
119 [347, 916, 176, 54] 2 1
120 [347, 916, 176, 54] 2 1
121 [341, 916, 176, 54] 2 1
122 [335, 914, 176, 54] 2 1
123 [327, 912, 176, 54] 2 1
124 [319, 912, 176, 54] 2 1
125 [313, 912, 176, 54] 2 1
126 [307, 912, 176, 54] 2 1
127 [299, 912, 176, 54] 2 1
128 [293, 910, 176, 54] 2 1
129 [287, 908, 176, 54] 2 1
130 [279, 908, 176, 54] 2 1
131 [273, 908, 176, 54] 2 1
132 [269, 908, 176, 54] 2 1
133 [267, 905, 185, 54] 2 1
134 [267, 905, 185, 54] 2 1
135 [262, 905, 185, 54] 2 1
136 [255, 905, 185, 54] 2 1
137 [250, 903, 185, 54] 2 1
138 [243, 903, 185, 54] 2 1
139 [238, 903, 185, 54] 2 1
140 [231, 903, 185, 54] 2 1
141 [226, 903, 185, 54] 2 1
142 [219, 903, 185, 54] 2 1
143 [214, 901, 185, 54] 2 1
144 [207, 901, 185, 54] 2 1
145 [202, 901, 185, 54] 2 1
146 [197, 901, 185, 54] 2 1
147 [166, 898, 187, 55] 2 1
148 [166, 898, 187, 55] 2 1
149 [161, 897, 187, 55] 2 1
150 [154, 896, 187, 55] 2 1
151 [149, 897, 187, 55] 2 1
152 [142, 896, 187, 55] 2 1
153 [139, 897, 187, 55] 2 1
154 [125, 900, 184, 55] 2 1
155 [125, 900, 184, 55] 2 1
156 [119, 901, 184, 55] 2 1
157 [113, 900, 184, 55] 2 1
158 [109, 899, 184, 55] 2 1
159 [103, 900, 184, 55] 2 1
160 [95, 901, 184, 55] 2 1
161 [74, 906, 218, 46] 2 1
162 [74, 906, 218, 46] 2 1
163 [68, 906, 218, 46] 2 1
164 [62, 906, 218, 46] 2 1
165 [58, 906, 218, 46] 2 1
166 [52, 906, 218, 46] 2 1
167 [44, 906, 218, 46] 2 1
168 [38, 906, 218, 46] 2 1
169 [36, 906, 218, 46] 2 1
170 [28, 906, 218, 46] 2 1
171 [22, 906, 218, 46] 2 1
172 [20, 906, 218, 46] 2 1
173 [12, 906, 218, 46] 2 1
174 [6, 906, 218, 46] 2 1
175 [-7, 905, 200, 55] 2 1
176 [0, 905, 193, 55] 2 1
177 [0, 904, 189, 55] 2 1
178 [0, 905, 183, 55] 2 1
179 [0, 904, 177, 55] 2 1
180 [0, 905, 173, 55] 2 1
181 [0, 904, 167, 55] 2 1
182 [-20, 906, 185, 55] 2 1
183 [0, 906, 165, 55] 2 1
184 [0, 905, 160, 55] 2 1
185 [0, 904, 157, 55] 2 1
186 [0, 905, 152, 55] 2 1
187 [0, 904, 149, 55] 2 1
188 [0, 903, 144, 55] 2 1
189 [-10, 892, 153, 62] 2 1
190 [0, 892, 143, 62] 2 1
191 [0, 892, 140, 62] 2 1
192 [0, 892, 137, 62] 2 1
193 [0, 890, 134, 62] 2 1
194 [0, 888, 131, 62] 2 1
195 [0, 890, 128, 62] 2 1
196 [-6, 888, 133, 64] 2 1
197 [0, 888, 127, 64] 2 1
198 [0, 888, 124, 64] 2 1
