0 [2579, 742, 125, 76] 2 0 -165
1 [2578, 741, 125, 76] 2 0 -162
2 [2574, 740, 125, 76] 2 0 -160
3 [2568, 738, 125, 76] 2 0 -158
4 [2560, 735, 125, 76] 2 0 -157
5 [2555, 734, 125, 76] 2 0 -158
6 [2551, 734, 125, 76] 2 0 -158
7 [2548, 733, 125, 76] 2 0 -159
8 [2544, 733, 125, 76] 2 0 -159
9 [2540, 733, 125, 76] 2 0 -158
10 [2532, 730, 125, 76] 2 0 -160
11 [2524, 725, 125, 76] 2 0 -163
12 [2517, 720, 125, 76] 2 0 -167
13 [2510, 715, 125, 76] 2 0 -172
14 [2505, 713, 125, 76] 2 0 -175
15 [2502, 713, 125, 76] 2 0 -174
16 [2495, 712, 125, 76] 2 0 -175
17 [2489, 711, 125, 76] 2 0 -174
18 [2485, 710, 125, 76] 2 0 -174
19 [2481, 710, 125, 76] 2 0 -175
20 [2477, 710, 125, 76] 2 0 -175
21 [2473, 709, 125, 76] 2 0 -176
22 [2466, 709, 125, 76] 2 0 -176
23 [2460, 709, 125, 76] 2 0 -175
24 [2455, 708, 125, 76] 2 0 -174
25 [2449, 708, 125, 76] 2 0 -172
26 [2444, 708, 125, 76] 2 0 -171
27 [2440, 706, 125, 76] 2 0 -172
28 [2432, 705, 125, 76] 2 0 -171
29 [2425, 705, 125, 76] 2 0 -170
30 [2420, 705, 125, 76] 2 0 -169
31 [2416, 706, 125, 76] 2 0 -169
32 [2412, 705, 125, 76] 2 0 -170
33 [2408, 704, 125, 76] 2 0 -172
34 [2400, 703, 125, 76] 2 0 -174
35 [2394, 701, 125, 76] 2 0 -175
36 [2389, 700, 125, 76] 2 0 -175
37 [2385, 699, 125, 76] 2 0 -176
38 [2381, 698, 125, 76] 2 0 -176
39 [2379, 697, 125, 76] 2 0 -177
40 [2371, 696, 125, 76] 2 0 -177
41 [2363, 696, 125, 76] 2 0 -177
42 [2354, 696, 125, 76] 2 0 -177
43 [2347, 696, 125, 76] 2 0 -176
44 [2341, 697, 125, 76] 2 0 -176
45 [2338, 697, 125, 76] 2 0 -176
46 [2330, 696, 125, 76] 2 0 -176
47 [2323, 695, 125, 76] 2 0 -176
48 [2316, 694, 125, 76] 2 0 -176
49 [2311, 693, 125, 76] 2 0 -176
50 [2306, 693, 125, 76] 2 0 -176
51 [2303, 694, 125, 76] 2 0 -176
52 [2300, 694, 125, 76] 2 0 -176
53 [2293, 693, 125, 76] 2 0 -176
0 [2793, 1090, 148, 73] 2 1 -168
1 [2789, 1089, 148, 73] 2 1 -167
2 [2788, 1089, 148, 73] 2 1 -167
3 [2785, 1087, 148, 73] 2 1 -167
4 [2776, 1085, 148, 73] 2 1 -167
5 [2766, 1083, 148, 73] 2 1 -167
6 [2756, 1081, 148, 73] 2 1 -166
7 [2746, 1079, 148, 73] 2 1 -166
8 [2740, 1078, 148, 73] 2 1 -166
9 [2736, 1078, 148, 73] 2 1 -165
10 [2729, 1076, 148, 73] 2 1 -164
11 [2725, 1075, 148, 73] 2 1 -164
12 [2721, 1073, 148, 73] 2 1 -164
13 [2718, 1072, 148, 73] 2 1 -164
14 [2715, 1071, 148, 73] 2 1 -165
15 [2710, 1070, 148, 73] 2 1 -165
16 [2704, 1069, 148, 73] 2 1 -165
17 [2699, 1068, 148, 73] 2 1 -165
18 [2695, 1067, 148, 73] 2 1 -165
19 [2691, 1066, 148, 73] 2 1 -165
20 [2688, 1065, 148, 73] 2 1 -166
21 [2686, 1064, 148, 73] 2 1 -166
22 [2676, 1061, 148, 73] 2 1 -167
23 [2664, 1057, 148, 73] 2 1 -168
24 [2651, 1055, 148, 73] 2 1 -168
25 [2639, 1052, 148, 73] 2 1 -168
26 [2631, 1050, 148, 73] 2 1 -169
27 [2628, 1049, 148, 73] 2 1 -170
28 [2621, 1048, 148, 73] 2 1 -172
29 [2615, 1046, 148, 73] 2 1 -173
30 [2611, 1046, 148, 73] 2 1 -173
31 [2606, 1045, 148, 73] 2 1 -174
32 [2602, 1044, 148, 73] 2 1 -174
33 [2598, 1043, 148, 73] 2 1 -174
34 [2591, 1042, 148, 73] 2 1 -175
35 [2587, 1042, 148, 73] 2 1 -175
36 [2584, 1042, 148, 73] 2 1 -175
37 [2580, 1042, 148, 73] 2 1 -175
38 [2577, 1042, 148, 73] 2 1 -175
39 [2573, 1041, 148, 73] 2 1 -175
40 [2564, 1041, 148, 73] 2 1 -175
41 [2555, 1040, 148, 73] 2 1 -174
42 [2545, 1039, 148, 73] 2 1 -173
43 [2536, 1038, 148, 73] 2 1 -173
44 [2530, 1038, 148, 73] 2 1 -173
45 [2526, 1037, 148, 73] 2 1 -173
46 [2519, 1037, 148, 73] 2 1 -173
47 [2513, 1037, 148, 73] 2 1 -173
48 [2508, 1037, 148, 73] 2 1 -173
49 [2503, 1036, 148, 73] 2 1 -173
50 [2499, 1035, 148, 73] 2 1 -173
51 [2494, 1034, 148, 73] 2 1 -173
52 [2488, 1033, 148, 73] 2 1 -173
53 [2481, 1032, 148, 73] 2 1 -173
0 [705, 1237, 158, 64] 2 2 2
1 [707, 1237, 158, 64] 2 2 1
2 [716, 1237, 158, 64] 2 2 0
3 [729, 1238, 158, 64] 2 2 0
4 [742, 1238, 158, 64] 2 2 0
5 [752, 1239, 158, 64] 2 2 0
6 [758, 1239, 158, 64] 2 2 0
7 [765, 1239, 158, 64] 2 2 0
8 [773, 1240, 158, 64] 2 2 0
9 [784, 1241, 158, 64] 2 2 0
10 [800, 1241, 158, 64] 2 2 0
11 [814, 1240, 158, 64] 2 2 0
12 [826, 1239, 158, 64] 2 2 1
13 [837, 1238, 158, 64] 2 2 1
14 [847, 1237, 158, 64] 2 2 2
15 [854, 1237, 158, 64] 2 2 2
16 [874, 1238, 158, 64] 2 2 2
17 [895, 1239, 158, 64] 2 2 2
18 [915, 1241, 158, 64] 2 2 2
19 [932, 1241, 158, 64] 2 2 2
20 [945, 1242, 158, 64] 2 2 2
21 [952, 1241, 158, 64] 2 2 3
22 [968, 1242, 158, 64] 2 2 3
23 [981, 1242, 158, 64] 2 2 2
24 [992, 1243, 158, 64] 2 2 2
25 [1002, 1244, 158, 64] 2 2 1
26 [1012, 1245, 158, 64] 2 2 1
27 [1022, 1245, 158, 64] 2 2 1
28 [1037, 1245, 158, 64] 2 2 1
29 [1047, 1246, 158, 64] 2 2 0
30 [1056, 1247, 158, 64] 2 2 0
31 [1064, 1247, 158, 64] 2 2 0
32 [1073, 1248, 158, 64] 2 2 1
33 [1083, 1248, 158, 64] 2 2 1
34 [1099, 1247, 158, 64] 2 2 2
35 [1111, 1247, 158, 64] 2 2 2
36 [1121, 1247, 158, 64] 2 2 1
37 [1132, 1247, 158, 64] 2 2 1
38 [1142, 1247, 158, 64] 2 2 1
39 [1149, 1247, 158, 64] 2 2 1
40 [1171, 1248, 158, 64] 2 2 1
41 [1194, 1249, 158, 64] 2 2 0
42 [1217, 1251, 158, 64] 2 2 0
43 [1237, 1252, 158, 64] 2 2 0
44 [1253, 1253, 158, 64] 2 2 0
45 [1260, 1253, 158, 64] 2 2 0
46 [1278, 1252, 158, 64] 2 2 0
47 [1292, 1252, 158, 64] 2 2 0
48 [1305, 1252, 158, 64] 2 2 0
49 [1316, 1252, 158, 64] 2 2 0
50 [1327, 1251, 158, 64] 2 2 0
51 [1337, 1252, 158, 64] 2 2 0
52 [1351, 1252, 158, 64] 2 2 0
53 [1367, 1251, 158, 64] 2 2 0
0 [3464, 903, 156, 57] 2 3 -30
1 [3465, 903, 156, 57] 2 3 -39
2 [3465, 903, 156, 57] 2 3 -54
3 [3465, 903, 156, 57] 2 3 -68
4 [3466, 903, 156, 57] 2 3 -77
5 [3466, 903, 156, 57] 2 3 -79
6 [3467, 902, 156, 57] 2 3 -96
7 [3467, 901, 156, 57] 2 3 -127
8 [3468, 901, 156, 57] 2 3 -172
9 [3468, 901, 156, 57] 2 3 -176
10 [3467, 901, 156, 57] 2 3 175
11 [3467, 901, 156, 57] 2 3 154
12 [3467, 900, 156, 57] 2 3 164
13 [3466, 900, 156, 57] 2 3 -139
14 [3466, 900, 156, 57] 2 3 -112
15 [3467, 900, 156, 57] 2 3 -103
16 [3466, 900, 156, 57] 2 3 -102
17 [3466, 900, 156, 57] 2 3 -111
18 [3466, 901, 156, 57] 2 3 -105
19 [3466, 901, 156, 57] 2 3 -96
20 [3465, 901, 156, 57] 2 3 -81
21 [3466, 902, 156, 57] 2 3 -74
22 [3465, 901, 156, 57] 2 3 -69
23 [3465, 899, 156, 57] 2 3 -68
24 [3465, 897, 156, 57] 2 3 -63
25 [3466, 896, 156, 57] 2 3 -59
26 [3465, 895, 156, 57] 2 3 -42
27 [3464, 895, 156, 57] 2 3 -40
28 [3464, 895, 156, 57] 2 3 -29
29 [3465, 894, 156, 57] 2 3 -31
30 [3467, 893, 156, 57] 2 3 -23
31 [3468, 892, 156, 57] 2 3 121
32 [3469, 891, 156, 57] 2 3 118
33 [3469, 891, 156, 57] 2 3 98
34 [3468, 891, 156, 57] 2 3 84
35 [3468, 892, 156, 57] 2 3 62
36 [3468, 892, 156, 57] 2 3 42
37 [3467, 893, 156, 57] 2 3 36
38 [3467, 893, 156, 57] 2 3 -8
39 [3467, 893, 156, 57] 2 3 120
40 [3468, 893, 156, 57] 2 3 161
41 [3468, 893, 156, 57] 2 3 -86
42 [3468, 893, 156, 57] 2 3 -160
43 [3468, 893, 156, 57] 2 3 161
44 [3469, 893, 156, 57] 2 3 161
45 [3469, 893, 156, 57] 2 3 161
46 [3468, 893, 156, 57] 2 3 161
47 [3468, 893, 156, 57] 2 3 161
48 [3468, 893, 156, 57] 2 3 161
49 [3467, 893, 156, 57] 2 3 161
50 [3467, 893, 156, 57] 2 3 161
51 [3468, 893, 156, 57] 2 3 161
52 [3468, 893, 156, 57] 2 3 161
53 [3467, 893, 156, 57] 2 3 161
0 [3539, 1248, 148, 84] 2 4 -165
1 [3538, 1249, 148, 84] 2 4 -153
2 [3538, 1249, 148, 84] 2 4 -148
3 [3538, 1248, 148, 84] 2 4 -145
4 [3537, 1247, 148, 84] 2 4 -142
5 [3535, 1246, 148, 84] 2 4 -136
6 [3533, 1246, 148, 84] 2 4 -132
7 [3531, 1246, 148, 84] 2 4 -133
8 [3529, 1246, 148, 84] 2 4 -135
9 [3528, 1246, 148, 84] 2 4 -141
10 [3527, 1245, 148, 84] 2 4 -144
11 [3528, 1244, 148, 84] 2 4 -146
12 [3529, 1243, 148, 84] 2 4 -149
13 [3530, 1242, 148, 84] 2 4 -152
14 [3529, 1241, 148, 84] 2 4 -152
15 [3529, 1240, 148, 84] 2 4 -152
16 [3527, 1239, 148, 84] 2 4 -149
17 [3524, 1238, 148, 84] 2 4 -144
18 [3521, 1238, 148, 84] 2 4 -140
19 [3519, 1238, 148, 84] 2 4 -139
20 [3517, 1238, 148, 84] 2 4 -142
21 [3517, 1237, 148, 84] 2 4 -148
22 [3515, 1235, 148, 84] 2 4 -151
23 [3513, 1233, 148, 84] 2 4 -151
24 [3513, 1232, 148, 84] 2 4 -155
25 [3512, 1231, 148, 84] 2 4 -160
26 [3511, 1230, 148, 84] 2 4 -164
27 [3511, 1229, 148, 84] 2 4 -168
28 [3509, 1228, 148, 84] 2 4 -169
29 [3506, 1227, 148, 84] 2 4 -170
30 [3502, 1227, 148, 84] 2 4 -171
31 [3500, 1227, 148, 84] 2 4 -171
32 [3499, 1226, 148, 84] 2 4 -172
33 [3500, 1226, 148, 84] 2 4 -171
34 [3499, 1226, 148, 84] 2 4 -168
35 [3498, 1226, 148, 84] 2 4 -162
36 [3496, 1226, 148, 84] 2 4 -159
37 [3496, 1226, 148, 84] 2 4 -158
38 [3495, 1225, 148, 84] 2 4 -167
39 [3496, 1226, 148, 84] 2 4 -168
40 [3495, 1225, 148, 84] 2 4 -171
41 [3493, 1226, 148, 84] 2 4 -165
42 [3492, 1225, 148, 84] 2 4 -164
43 [3491, 1225, 148, 84] 2 4 -178
44 [3490, 1224, 148, 84] 2 4 -178
45 [3490, 1224, 148, 84] 2 4 -178
46 [3490, 1223, 148, 84] 2 4 -178
47 [3490, 1224, 148, 84] 2 4 -178
48 [3490, 1224, 148, 84] 2 4 -178
49 [3490, 1224, 148, 84] 2 4 -178
50 [3489, 1225, 148, 84] 2 4 -178
51 [3489, 1224, 148, 84] 2 4 -178
52 [3488, 1224, 148, 84] 2 4 -178
53 [3487, 1225, 148, 84] 2 4 -178
0 [3549, 711, 156, 77] 2 5 -27
1 [3549, 710, 156, 77] 2 5 -4
2 [3550, 710, 156, 77] 2 5 11
3 [3549, 709, 156, 77] 2 5 23
4 [3550, 709, 156, 77] 2 5 26
5 [3550, 709, 156, 77] 2 5 30
6 [3551, 709, 156, 77] 2 5 33
7 [3551, 709, 156, 77] 2 5 31
8 [3552, 709, 156, 77] 2 5 30
9 [3551, 709, 156, 77] 2 5 32
10 [3552, 709, 156, 77] 2 5 32
11 [3553, 710, 156, 77] 2 5 40
12 [3555, 711, 156, 77] 2 5 57
13 [3556, 712, 156, 77] 2 5 88
14 [3557, 713, 156, 77] 2 5 158
15 [3557, 713, 156, 77] 2 5 -174
16 [3557, 713, 156, 77] 2 5 -176
17 [3557, 713, 156, 77] 2 5 130
18 [3557, 712, 156, 77] 2 5 112
19 [3557, 712, 156, 77] 2 5 107
20 [3557, 712, 156, 77] 2 5 99
21 [3557, 713, 156, 77] 2 5 98
22 [3556, 713, 156, 77] 2 5 82
23 [3556, 713, 156, 77] 2 5 93
24 [3556, 713, 156, 77] 2 5 75
25 [3556, 713, 156, 77] 2 5 55
26 [3555, 713, 156, 77] 2 5 40
27 [3555, 714, 156, 77] 2 5 28
28 [3556, 714, 156, 77] 2 5 25
29 [3556, 714, 156, 77] 2 5 38
30 [3556, 714, 156, 77] 2 5 44
31 [3556, 714, 156, 77] 2 5 44
32 [3557, 714, 156, 77] 2 5 38
33 [3556, 716, 156, 77] 2 5 30
34 [3557, 717, 156, 77] 2 5 29
35 [3558, 717, 156, 77] 2 5 32
36 [3560, 717, 156, 77] 2 5 43
37 [3561, 717, 156, 77] 2 5 57
38 [3562, 717, 156, 77] 2 5 65
39 [3561, 718, 156, 77] 2 5 62
40 [3562, 720, 156, 77] 2 5 70
41 [3564, 721, 156, 77] 2 5 81
42 [3566, 721, 156, 77] 2 5 96
43 [3567, 722, 156, 77] 2 5 115
44 [3568, 723, 156, 77] 2 5 115
45 [3568, 723, 156, 77] 2 5 115
46 [3567, 724, 156, 77] 2 5 115
47 [3567, 726, 156, 77] 2 5 115
48 [3566, 726, 156, 77] 2 5 115
49 [3566, 728, 156, 77] 2 5 115
50 [3565, 729, 156, 77] 2 5 115
51 [3565, 730, 156, 77] 2 5 115
52 [3564, 731, 156, 77] 2 5 115
53 [3563, 731, 156, 77] 2 5 115
0 [3247, 966, 167, 67] 2 6 4
1 [3250, 965, 167, 67] 2 6 4
2 [3252, 965, 167, 67] 2 6 5
3 [3253, 964, 167, 67] 2 6 5
4 [3259, 965, 167, 67] 2 6 4
5 [3267, 966, 167, 67] 2 6 2
6 [3276, 968, 167, 67] 2 6 0
7 [3283, 969, 167, 67] 2 6 -1
8 [3288, 969, 167, 67] 2 6 -2
9 [3289, 969, 167, 67] 2 6 -1
10 [3292, 969, 167, 67] 2 6 -2
11 [3294, 969, 167, 67] 2 6 -1
12 [3296, 969, 167, 67] 2 6 -1
13 [3298, 968, 167, 67] 2 6 -1
14 [3301, 968, 167, 67] 2 6 -2
15 [3304, 968, 167, 67] 2 6 -3
16 [3308, 968, 167, 67] 2 6 -5
17 [3311, 968, 167, 67] 2 6 -7
18 [3313, 968, 167, 67] 2 6 -5
19 [3315, 968, 167, 67] 2 6 -3
20 [3318, 968, 167, 67] 2 6 0
21 [3320, 968, 167, 67] 2 6 2
22 [3326, 968, 167, 67] 2 6 5
23 [3332, 967, 167, 67] 2 6 8
24 [3338, 966, 167, 67] 2 6 12
25 [3344, 965, 167, 67] 2 6 15
26 [3348, 964, 167, 67] 2 6 15
27 [3350, 964, 167, 67] 2 6 14
28 [3352, 964, 167, 67] 2 6 11
29 [3353, 966, 167, 67] 2 6 8
30 [3353, 968, 167, 67] 2 6 6
31 [3353, 970, 167, 67] 2 6 6
32 [3355, 971, 167, 67] 2 6 7
33 [3357, 971, 167, 67] 2 6 9
34 [3363, 972, 167, 67] 2 6 10
35 [3370, 972, 167, 67] 2 6 13
36 [3376, 972, 167, 67] 2 6 14
37 [3383, 972, 167, 67] 2 6 15
38 [3388, 972, 167, 67] 2 6 14
39 [3391, 972, 167, 67] 2 6 12
40 [3396, 973, 167, 67] 2 6 11
41 [3400, 975, 167, 67] 2 6 9
42 [3402, 977, 167, 67] 2 6 6
43 [3404, 979, 167, 67] 2 6 3
44 [3407, 980, 167, 67] 2 6 3
45 [3409, 981, 167, 67] 2 6 3
46 [3415, 982, 167, 67] 2 6 3
47 [3421, 982, 167, 67] 2 6 3
48 [3427, 982, 167, 67] 2 6 3
49 [3433, 981, 167, 67] 2 6 3
50 [3437, 981, 167, 67] 2 6 3
51 [3438, 981, 167, 67] 2 6 3
52 [3439, 981, 167, 67] 2 6 3
53 [3443, 981, 167, 67] 2 6 3
0 [3475, 1085, 113, 80] 2 7 1
1 [3477, 1085, 113, 80] 2 7 -5
2 [3479, 1084, 113, 80] 2 7 -9
3 [3481, 1083, 113, 80] 2 7 -13
4 [3485, 1084, 113, 80] 2 7 -18
5 [3489, 1085, 113, 80] 2 7 -17
6 [3493, 1086, 113, 80] 2 7 -24
7 [3496, 1087, 113, 80] 2 7 -32
8 [3499, 1088, 113, 80] 2 7 -38
9 [3502, 1088, 113, 80] 2 7 -42
10 [3505, 1086, 113, 80] 2 7 -42
11 [3508, 1082, 113, 80] 2 7 -38
12 [3510, 1079, 113, 80] 2 7 -34
13 [3512, 1076, 113, 80] 2 7 -31
14 [3514, 1074, 113, 80] 2 7 -30
15 [3517, 1076, 113, 80] 2 7 -32
16 [3523, 1072, 113, 80] 2 7 -30
17 [3529, 1066, 113, 80] 2 7 -24
18 [3535, 1059, 113, 80] 2 7 -14
19 [3540, 1053, 113, 80] 2 7 -3
20 [3544, 1050, 113, 80] 2 7 1
21 [3546, 1052, 113, 80] 2 7 -1
22 [3550, 1051, 113, 80] 2 7 0
23 [3552, 1051, 113, 80] 2 7 -2
24 [3554, 1051, 113, 80] 2 7 3
25 [3557, 1051, 113, 80] 2 7 16
26 [3559, 1051, 113, 80] 2 7 37
27 [3562, 1051, 113, 80] 2 7 56
28 [3566, 1051, 113, 80] 2 7 70
29 [3571, 1051, 113, 80] 2 7 77
30 [3574, 1051, 113, 80] 2 7 68
31 [3578, 1051, 113, 80] 2 7 49
32 [3582, 1051, 113, 80] 2 7 26
33 [3587, 1050, 113, 80] 2 7 16
34 [3588, 1053, 113, 80] 2 7 5
35 [3585, 1059, 113, 80] 2 7 0
36 [3580, 1067, 113, 80] 2 7 -8
37 [3576, 1072, 113, 80] 2 7 -12
38 [3575, 1075, 113, 80] 2 7 -15
39 [3576, 1075, 113, 80] 2 7 -14
40 [3583, 1073, 113, 80] 2 7 -13
41 [3593, 1069, 113, 80] 2 7 -8
42 [3606, 1063, 113, 80] 2 7 1
43 [3616, 1059, 113, 80] 2 7 16
44 [3622, 1056, 113, 80] 2 7 16
45 [3621, 1059, 113, 80] 2 7 16
46 [3624, 1060, 113, 80] 2 7 16
47 [3624, 1061, 113, 80] 2 7 16
48 [3625, 1062, 113, 80] 2 7 16
49 [3625, 1063, 113, 80] 2 7 16
50 [3626, 1063, 113, 80] 2 7 16
51 [3629, 1063, 113, 80] 2 7 16
52 [3632, 1064, 113, 80] 2 7 16
53 [3634, 1064, 113, 80] 2 7 16
35 [3562, 1168, 142, 51] 2 8 -128
36 [3563, 1168, 142, 51] 2 8 -128
37 [3564, 1168, 142, 51] 2 8 -130
38 [3565, 1168, 142, 51] 2 8 -131
39 [3569, 1172, 142, 51] 2 8 -133
40 [3564, 1166, 142, 51] 2 8 -134
41 [3553, 1154, 142, 51] 2 8 -134
42 [3540, 1139, 142, 51] 2 8 -137
43 [3528, 1126, 142, 51] 2 8 177
44 [3523, 1120, 142, 51] 2 8 177
45 [3527, 1124, 142, 51] 2 8 177
46 [3528, 1124, 142, 51] 2 8 177
47 [3527, 1125, 142, 51] 2 8 177
48 [3527, 1126, 142, 51] 2 8 177
49 [3526, 1126, 142, 51] 2 8 177
50 [3525, 1126, 142, 51] 2 8 177
51 [3526, 1126, 142, 51] 2 8 177
52 [3526, 1126, 142, 51] 2 8 177
53 [3525, 1127, 142, 51] 2 8 177
