0 [1933, 573, 38, 88] 2 1 110
1 [1932, 574, 38, 88] 2 1 115
2 [1932, 575, 38, 88] 2 1 125
3 [1933, 577, 38, 88] 2 1 133
4 [1932, 578, 38, 88] 2 1 138
5 [1931, 579, 38, 88] 2 1 133
6 [1930, 580, 38, 88] 2 1 125
7 [1929, 581, 38, 88] 2 1 118
8 [1928, 582, 38, 88] 2 1 113
9 [1929, 584, 38, 88] 2 1 113
10 [1928, 585, 38, 88] 2 1 113
11 [1926, 587, 38, 88] 2 1 113
12 [1923, 588, 38, 88] 2 1 113
13 [1921, 589, 38, 88] 2 1 113
14 [1920, 590, 38, 88] 2 1 113
15 [1921, 591, 38, 88] 2 1 113
16 [1921, 593, 38, 88] 2 1 113
17 [1920, 598, 38, 88] 2 1 113
18 [1919, 604, 38, 88] 2 1 113
0 [2005, 434, 62, 65] 2 3 148
1 [2002, 435, 62, 65] 2 3 144
2 [2002, 437, 62, 65] 2 3 144
3 [2002, 441, 62, 65] 2 3 145
4 [1997, 444, 62, 65] 2 3 142
5 [1990, 445, 62, 65] 2 3 137
6 [1983, 446, 62, 65] 2 3 130
7 [1977, 447, 62, 65] 2 3 125
8 [1973, 449, 62, 65] 2 3 124
9 [1973, 451, 62, 65] 2 3 124
10 [1970, 456, 62, 65] 2 3 124
11 [1967, 460, 62, 65] 2 3 124
12 [1965, 464, 62, 65] 2 3 124
13 [1963, 468, 62, 65] 2 3 124
14 [1962, 471, 62, 65] 2 3 124
15 [1960, 472, 62, 65] 2 3 124
16 [1958, 476, 62, 65] 2 3 124
17 [1953, 480, 62, 65] 2 3 124
18 [1946, 487, 62, 65] 2 3 124
0 [2118, 591, 42, 89] 2 4 99
1 [2118, 592, 42, 89] 2 4 99
2 [2118, 594, 42, 89] 2 4 98
3 [2117, 596, 42, 89] 2 4 96
4 [2116, 600, 42, 89] 2 4 94
5 [2116, 602, 42, 89] 2 4 96
6 [2115, 603, 42, 89] 2 4 97
7 [2115, 605, 42, 89] 2 4 91
8 [2115, 606, 42, 89] 2 4 83
9 [2114, 609, 42, 89] 2 4 83
10 [2114, 611, 42, 89] 2 4 83
11 [2115, 612, 42, 89] 2 4 83
12 [2115, 611, 42, 89] 2 4 83
13 [2115, 611, 42, 89] 2 4 83
14 [2115, 612, 42, 89] 2 4 83
15 [2114, 613, 42, 89] 2 4 83
16 [2114, 614, 42, 89] 2 4 83
17 [2114, 619, 42, 89] 2 4 83
18 [2117, 629, 42, 89] 2 4 83
0 [671, 1671, 89, 40] 2 5 -9
1 [676, 1671, 89, 40] 2 5 -9
2 [677, 1670, 89, 40] 2 5 -8
3 [679, 1669, 89, 40] 2 5 -7
4 [688, 1667, 89, 40] 2 5 -7
5 [699, 1666, 89, 40] 2 5 -7
6 [710, 1665, 89, 40] 2 5 -8
7 [720, 1663, 89, 40] 2 5 -11
8 [727, 1662, 89, 40] 2 5 -14
9 [731, 1661, 89, 40] 2 5 -14
10 [735, 1661, 89, 40] 2 5 -14
11 [736, 1661, 89, 40] 2 5 -14
12 [735, 1661, 89, 40] 2 5 -14
13 [736, 1661, 89, 40] 2 5 -14
14 [738, 1661, 89, 40] 2 5 -14
15 [742, 1660, 89, 40] 2 5 -14
16 [748, 1659, 89, 40] 2 5 -14
17 [758, 1656, 89, 40] 2 5 -14
18 [774, 1650, 89, 40] 2 5 -14
0 [708, 1551, 82, 32] 2 6 -7
1 [711, 1550, 82, 32] 2 6 -8
2 [711, 1551, 82, 32] 2 6 -9
3 [711, 1551, 82, 32] 2 6 -9
4 [715, 1550, 82, 32] 2 6 -10
5 [722, 1549, 82, 32] 2 6 -11
6 [729, 1548, 82, 32] 2 6 -13
7 [735, 1547, 82, 32] 2 6 -13
8 [739, 1547, 82, 32] 2 6 -9
9 [739, 1547, 82, 32] 2 6 -9
10 [740, 1546, 82, 32] 2 6 -9
11 [742, 1546, 82, 32] 2 6 -9
12 [743, 1545, 82, 32] 2 6 -9
13 [745, 1545, 82, 32] 2 6 -9
14 [746, 1545, 82, 32] 2 6 -9
15 [747, 1544, 82, 32] 2 6 -9
16 [749, 1544, 82, 32] 2 6 -9
17 [751, 1544, 82, 32] 2 6 -9
18 [752, 1545, 82, 32] 2 6 -9
0 [1058, 1459, 47, 54] 2 7 86
1 [1057, 1460, 47, 54] 2 7 82
2 [1058, 1459, 47, 54] 2 7 82
3 [1058, 1458, 47, 54] 2 7 84
4 [1058, 1459, 47, 54] 2 7 81
5 [1058, 1461, 47, 54] 2 7 77
6 [1058, 1463, 47, 54] 2 7 48
7 [1057, 1465, 47, 54] 2 7 -14
8 [1058, 1466, 47, 54] 2 7 15
9 [1058, 1466, 47, 54] 2 7 15
10 [1058, 1465, 47, 54] 2 7 15
11 [1058, 1465, 47, 54] 2 7 15
12 [1058, 1465, 47, 54] 2 7 15
13 [1058, 1465, 47, 54] 2 7 15
14 [1059, 1464, 47, 54] 2 7 15
15 [1059, 1464, 47, 54] 2 7 15
16 [1059, 1464, 47, 54] 2 7 15
17 [1059, 1465, 47, 54] 2 7 15
18 [1059, 1466, 47, 54] 2 7 15
0 [2228, 387, 39, 87] 2 8 92
1 [2229, 388, 39, 87] 2 8 93
2 [2228, 389, 39, 87] 2 8 93
3 [2227, 391, 39, 87] 2 8 93
4 [2227, 395, 39, 87] 2 8 94
5 [2228, 398, 39, 87] 2 8 97
6 [2229, 401, 39, 87] 2 8 101
7 [2229, 403, 39, 87] 2 8 106
8 [2229, 406, 39, 87] 2 8 111
9 [2228, 408, 39, 87] 2 8 111
10 [2227, 411, 39, 87] 2 8 111
11 [2227, 412, 39, 87] 2 8 111
12 [2226, 414, 39, 87] 2 8 111
13 [2226, 416, 39, 87] 2 8 111
14 [2225, 418, 39, 87] 2 8 111
15 [2225, 419, 39, 87] 2 8 111
16 [2224, 422, 39, 87] 2 8 111
17 [2222, 426, 39, 87] 2 8 111
18 [2219, 431, 39, 87] 2 8 111
0 [541, 1677, 91, 33] 2 9 3
1 [544, 1677, 91, 33] 2 9 6
2 [546, 1678, 91, 33] 2 9 9
3 [548, 1678, 91, 33] 2 9 12
4 [555, 1679, 91, 33] 2 9 14
5 [562, 1679, 91, 33] 2 9 16
6 [570, 1679, 91, 33] 2 9 18
7 [577, 1679, 91, 33] 2 9 14
8 [583, 1680, 91, 33] 2 9 5
9 [586, 1679, 91, 33] 2 9 5
10 [589, 1680, 91, 33] 2 9 5
11 [588, 1682, 91, 33] 2 9 5
12 [586, 1684, 91, 33] 2 9 5
13 [585, 1686, 91, 33] 2 9 5
14 [586, 1687, 91, 33] 2 9 5
15 [589, 1687, 91, 33] 2 9 5
16 [593, 1687, 91, 33] 2 9 5
17 [603, 1686, 91, 33] 2 9 5
18 [620, 1683, 91, 33] 2 9 5
0 [2000, 601, 78, 86] 2 10 75
1 [1999, 602, 78, 86] 2 10 73
2 [2000, 603, 78, 86] 2 10 74
3 [2000, 604, 78, 86] 2 10 74
4 [2001, 607, 78, 86] 2 10 75
5 [2002, 609, 78, 86] 2 10 77
6 [2002, 612, 78, 86] 2 10 77
7 [2003, 615, 78, 86] 2 10 78
8 [2003, 617, 78, 86] 2 10 79
9 [2004, 619, 78, 86] 2 10 79
10 [2004, 621, 78, 86] 2 10 79
11 [2005, 621, 78, 86] 2 10 79
12 [2005, 622, 78, 86] 2 10 79
13 [2005, 622, 78, 86] 2 10 79
14 [2006, 623, 78, 86] 2 10 79
15 [2006, 626, 78, 86] 2 10 79
16 [2006, 628, 78, 86] 2 10 79
17 [2006, 629, 78, 86] 2 10 79
18 [2006, 629, 78, 86] 2 10 79
0 [2075, 465, 43, 84] 2 11 91
1 [2074, 467, 43, 84] 2 11 91
2 [2074, 469, 43, 84] 2 11 90
3 [2075, 472, 43, 84] 2 11 90
4 [2074, 476, 43, 84] 2 11 89
5 [2074, 480, 43, 84] 2 11 90
6 [2074, 483, 43, 84] 2 11 89
7 [2074, 487, 43, 84] 2 11 86
8 [2073, 490, 43, 84] 2 11 81
9 [2073, 492, 43, 84] 2 11 81
10 [2074, 496, 43, 84] 2 11 81
11 [2074, 500, 43, 84] 2 11 81
12 [2074, 503, 43, 84] 2 11 81
13 [2074, 506, 43, 84] 2 11 81
14 [2075, 508, 43, 84] 2 11 81
15 [2074, 510, 43, 84] 2 11 81
16 [2074, 513, 43, 84] 2 11 81
17 [2075, 517, 43, 84] 2 11 81
18 [2078, 519, 43, 84] 2 11 81
0 [644, 1519, 41, 60] 2 12 76
1 [643, 1521, 41, 60] 2 12 70
2 [645, 1522, 41, 60] 2 12 67
3 [646, 1523, 41, 60] 2 12 64
4 [647, 1527, 41, 60] 2 12 59
5 [647, 1532, 41, 60] 2 12 51
6 [646, 1537, 41, 60] 2 12 41
7 [646, 1541, 41, 60] 2 12 38
8 [647, 1544, 41, 60] 2 12 46
9 [648, 1545, 41, 60] 2 12 46
10 [650, 1546, 41, 60] 2 12 46
11 [653, 1546, 41, 60] 2 12 46
12 [655, 1546, 41, 60] 2 12 46
13 [657, 1545, 41, 60] 2 12 46
14 [658, 1546, 41, 60] 2 12 46
15 [660, 1548, 41, 60] 2 12 46
16 [661, 1550, 41, 60] 2 12 46
17 [663, 1554, 41, 60] 2 12 46
18 [664, 1562, 41, 60] 2 12 46
