0 [1992, 624, 40, 83] 2 0 103
1 [1991, 625, 40, 83] 2 0 101
2 [1991, 626, 40, 83] 2 0 101
3 [1992, 628, 40, 83] 2 0 101
4 [1991, 630, 40, 83] 2 0 100
5 [1991, 632, 40, 83] 2 0 100
6 [1990, 634, 40, 83] 2 0 98
7 [1989, 636, 40, 83] 2 0 98
8 [1988, 638, 40, 83] 2 0 97
9 [1988, 639, 40, 83] 2 0 97
10 [1988, 642, 40, 83] 2 0 96
11 [1987, 645, 40, 83] 2 0 97
12 [1987, 648, 40, 83] 2 0 95
13 [1987, 651, 40, 83] 2 0 93
14 [1987, 653, 40, 83] 2 0 92
15 [1987, 654, 40, 83] 2 0 89
16 [1986, 657, 40, 83] 2 0 88
17 [1986, 659, 40, 83] 2 0 92
18 [1985, 660, 40, 83] 2 0 94
19 [1985, 662, 40, 83] 2 0 94
20 [1985, 665, 40, 83] 2 0 94
21 [1985, 668, 40, 83] 2 0 91
22 [1985, 670, 40, 83] 2 0 92
23 [1986, 672, 40, 83] 2 0 96
24 [1986, 674, 40, 83] 2 0 99
25 [1987, 675, 40, 83] 2 0 100
26 [1987, 678, 40, 83] 2 0 101
27 [1985, 682, 40, 83] 2 0 98
28 [1983, 686, 40, 83] 2 0 98
29 [1983, 688, 40, 83] 2 0 99
30 [1983, 689, 40, 83] 2 0 99
31 [1984, 689, 40, 83] 2 0 99
32 [1984, 690, 40, 83] 2 0 99
33 [1983, 692, 40, 83] 2 0 99
34 [1983, 696, 40, 83] 2 0 99
35 [1982, 700, 40, 83] 2 0 99
36 [1981, 704, 40, 83] 2 0 99
37 [1981, 707, 40, 83] 2 0 99
38 [1980, 709, 40, 83] 2 0 99
39 [1979, 712, 40, 83] 2 0 99
40 [1979, 715, 40, 83] 2 0 99
0 [2243, 448, 35, 92] 2 2 102
1 [2242, 449, 35, 92] 2 2 104
2 [2242, 451, 35, 92] 2 2 109
3 [2242, 454, 35, 92] 2 2 113
4 [2242, 458, 35, 92] 2 2 115
5 [2240, 461, 35, 92] 2 2 112
6 [2239, 464, 35, 92] 2 2 108
7 [2237, 467, 35, 92] 2 2 106
8 [2236, 469, 35, 92] 2 2 104
9 [2238, 471, 35, 92] 2 2 105
10 [2237, 476, 35, 92] 2 2 104
11 [2234, 481, 35, 92] 2 2 100
12 [2230, 486, 35, 92] 2 2 95
13 [2227, 490, 35, 92] 2 2 91
14 [2226, 493, 35, 92] 2 2 90
15 [2227, 495, 35, 92] 2 2 91
16 [2226, 500, 35, 92] 2 2 92
17 [2226, 505, 35, 92] 2 2 92
18 [2226, 510, 35, 92] 2 2 92
19 [2226, 514, 35, 92] 2 2 94
20 [2226, 517, 35, 92] 2 2 95
21 [2226, 520, 35, 92] 2 2 96
22 [2226, 524, 35, 92] 2 2 97
23 [2226, 528, 35, 92] 2 2 97
24 [2225, 532, 35, 92] 2 2 97
25 [2225, 536, 35, 92] 2 2 97
26 [2225, 539, 35, 92] 2 2 97
27 [2225, 543, 35, 92] 2 2 96
28 [2224, 547, 35, 92] 2 2 96
29 [2223, 551, 35, 92] 2 2 96
30 [2223, 555, 35, 92] 2 2 96
31 [2222, 558, 35, 92] 2 2 96
32 [2221, 561, 35, 92] 2 2 96
33 [2221, 564, 35, 92] 2 2 96
34 [2220, 569, 35, 92] 2 2 96
35 [2220, 573, 35, 92] 2 2 96
36 [2220, 576, 35, 92] 2 2 96
37 [2220, 579, 35, 92] 2 2 96
38 [2220, 582, 35, 92] 2 2 96
39 [2220, 585, 35, 92] 2 2 96
40 [2219, 590, 35, 92] 2 2 96
0 [968, 1635, 90, 57] 2 4 0
1 [969, 1634, 90, 57] 2 4 0
2 [973, 1634, 90, 57] 2 4 1
3 [980, 1633, 90, 57] 2 4 2
4 [986, 1633, 90, 57] 2 4 1
5 [991, 1633, 90, 57] 2 4 0
6 [995, 1635, 90, 57] 2 4 -1
7 [998, 1635, 90, 57] 2 4 -4
8 [1002, 1636, 90, 57] 2 4 -6
9 [1008, 1635, 90, 57] 2 4 -7
10 [1016, 1635, 90, 57] 2 4 -8
11 [1021, 1635, 90, 57] 2 4 -7
12 [1025, 1635, 90, 57] 2 4 -7
13 [1029, 1634, 90, 57] 2 4 -6
14 [1035, 1634, 90, 57] 2 4 -6
15 [1040, 1634, 90, 57] 2 4 -5
16 [1050, 1633, 90, 57] 2 4 -5
17 [1058, 1631, 90, 57] 2 4 -4
18 [1065, 1629, 90, 57] 2 4 -2
19 [1071, 1627, 90, 57] 2 4 0
20 [1078, 1626, 90, 57] 2 4 1
21 [1083, 1627, 90, 57] 2 4 1
22 [1091, 1627, 90, 57] 2 4 2
23 [1099, 1627, 90, 57] 2 4 1
24 [1106, 1627, 90, 57] 2 4 1
25 [1114, 1627, 90, 57] 2 4 1
26 [1122, 1627, 90, 57] 2 4 1
27 [1128, 1626, 90, 57] 2 4 2
28 [1138, 1626, 90, 57] 2 4 2
29 [1147, 1626, 90, 57] 2 4 2
30 [1156, 1627, 90, 57] 2 4 1
31 [1164, 1629, 90, 57] 2 4 1
32 [1171, 1629, 90, 57] 2 4 1
33 [1176, 1629, 90, 57] 2 4 1
34 [1187, 1628, 90, 57] 2 4 1
35 [1197, 1629, 90, 57] 2 4 1
36 [1205, 1629, 90, 57] 2 4 1
37 [1213, 1629, 90, 57] 2 4 1
38 [1220, 1630, 90, 57] 2 4 1
39 [1227, 1630, 90, 57] 2 4 1
40 [1237, 1629, 90, 57] 2 4 1
0 [832, 1755, 93, 44] 2 5 -14
1 [835, 1755, 93, 44] 2 5 -16
2 [837, 1754, 93, 44] 2 5 -16
3 [839, 1752, 93, 44] 2 5 -15
4 [845, 1750, 93, 44] 2 5 -15
5 [851, 1749, 93, 44] 2 5 -16
6 [856, 1749, 93, 44] 2 5 -17
7 [861, 1748, 93, 44] 2 5 -18
8 [866, 1747, 93, 44] 2 5 -18
9 [867, 1747, 93, 44] 2 5 -18
10 [873, 1745, 93, 44] 2 5 -18
11 [880, 1742, 93, 44] 2 5 -18
12 [887, 1740, 93, 44] 2 5 -17
13 [892, 1737, 93, 44] 2 5 -16
14 [897, 1736, 93, 44] 2 5 -15
15 [899, 1735, 93, 44] 2 5 -14
16 [904, 1733, 93, 44] 2 5 -13
17 [909, 1732, 93, 44] 2 5 -13
18 [912, 1732, 93, 44] 2 5 -15
19 [916, 1731, 93, 44] 2 5 -16
20 [919, 1730, 93, 44] 2 5 -17
21 [922, 1728, 93, 44] 2 5 -16
22 [928, 1726, 93, 44] 2 5 -16
23 [933, 1725, 93, 44] 2 5 -16
24 [938, 1724, 93, 44] 2 5 -17
25 [943, 1724, 93, 44] 2 5 -19
26 [947, 1723, 93, 44] 2 5 -21
27 [950, 1722, 93, 44] 2 5 -21
28 [956, 1720, 93, 44] 2 5 -21
29 [961, 1717, 93, 44] 2 5 -21
30 [965, 1715, 93, 44] 2 5 -20
31 [969, 1714, 93, 44] 2 5 -20
32 [973, 1713, 93, 44] 2 5 -20
33 [976, 1712, 93, 44] 2 5 -20
34 [982, 1710, 93, 44] 2 5 -20
35 [986, 1708, 93, 44] 2 5 -20
36 [990, 1706, 93, 44] 2 5 -20
37 [994, 1705, 93, 44] 2 5 -20
38 [997, 1704, 93, 44] 2 5 -20
39 [1001, 1702, 93, 44] 2 5 -20
40 [1006, 1700, 93, 44] 2 5 -20
0 [575, 1679, 72, 45] 2 6 -13
1 [577, 1679, 72, 45] 2 6 -14
2 [579, 1678, 72, 45] 2 6 -15
3 [582, 1677, 72, 45] 2 6 -15
4 [587, 1676, 72, 45] 2 6 -16
5 [591, 1675, 72, 45] 2 6 -16
6 [595, 1674, 72, 45] 2 6 -18
7 [599, 1674, 72, 45] 2 6 -20
8 [602, 1673, 72, 45] 2 6 -22
9 [605, 1672, 72, 45] 2 6 -22
10 [610, 1671, 72, 45] 2 6 -23
11 [613, 1670, 72, 45] 2 6 -22
12 [615, 1668, 72, 45] 2 6 -20
13 [617, 1667, 72, 45] 2 6 -19
14 [620, 1666, 72, 45] 2 6 -19
15 [623, 1666, 72, 45] 2 6 -19
16 [628, 1664, 72, 45] 2 6 -18
17 [633, 1661, 72, 45] 2 6 -17
18 [637, 1659, 72, 45] 2 6 -17
19 [641, 1657, 72, 45] 2 6 -17
20 [644, 1656, 72, 45] 2 6 -17
21 [648, 1655, 72, 45] 2 6 -17
22 [653, 1654, 72, 45] 2 6 -18
23 [657, 1653, 72, 45] 2 6 -20
24 [661, 1652, 72, 45] 2 6 -20
25 [664, 1651, 72, 45] 2 6 -19
26 [667, 1650, 72, 45] 2 6 -18
27 [671, 1649, 72, 45] 2 6 -17
28 [677, 1647, 72, 45] 2 6 -16
29 [681, 1645, 72, 45] 2 6 -16
30 [686, 1643, 72, 45] 2 6 -15
31 [690, 1641, 72, 45] 2 6 -15
32 [694, 1640, 72, 45] 2 6 -15
33 [696, 1638, 72, 45] 2 6 -15
34 [704, 1636, 72, 45] 2 6 -15
35 [711, 1635, 72, 45] 2 6 -15
36 [719, 1633, 72, 45] 2 6 -15
37 [726, 1632, 72, 45] 2 6 -15
38 [730, 1631, 72, 45] 2 6 -15
39 [735, 1629, 72, 45] 2 6 -15
40 [740, 1628, 72, 45] 2 6 -15
0 [1010, 1551, 94, 71] 2 7 65
1 [1010, 1552, 94, 71] 2 7 53
2 [1010, 1552, 94, 71] 2 7 51
3 [1012, 1552, 94, 71] 2 7 50
4 [1012, 1553, 94, 71] 2 7 45
5 [1012, 1554, 94, 71] 2 7 41
6 [1011, 1555, 94, 71] 2 7 26
7 [1011, 1557, 94, 71] 2 7 16
8 [1011, 1558, 94, 71] 2 7 13
9 [1012, 1559, 94, 71] 2 7 11
10 [1014, 1560, 94, 71] 2 7 11
11 [1016, 1560, 94, 71] 2 7 11
12 [1017, 1560, 94, 71] 2 7 13
13 [1019, 1560, 94, 71] 2 7 14
14 [1020, 1561, 94, 71] 2 7 15
15 [1020, 1561, 94, 71] 2 7 14
16 [1024, 1562, 94, 71] 2 7 15
17 [1030, 1563, 94, 71] 2 7 15
18 [1037, 1565, 94, 71] 2 7 17
19 [1043, 1565, 94, 71] 2 7 24
20 [1047, 1566, 94, 71] 2 7 30
21 [1046, 1566, 94, 71] 2 7 33
22 [1048, 1568, 94, 71] 2 7 34
23 [1049, 1568, 94, 71] 2 7 30
24 [1051, 1569, 94, 71] 2 7 28
25 [1054, 1570, 94, 71] 2 7 29
26 [1056, 1571, 94, 71] 2 7 30
27 [1059, 1571, 94, 71] 2 7 34
28 [1061, 1572, 94, 71] 2 7 32
29 [1061, 1574, 94, 71] 2 7 26
30 [1061, 1575, 94, 71] 2 7 20
31 [1062, 1577, 94, 71] 2 7 20
32 [1063, 1578, 94, 71] 2 7 20
33 [1065, 1577, 94, 71] 2 7 20
34 [1067, 1578, 94, 71] 2 7 20
35 [1069, 1579, 94, 71] 2 7 20
36 [1071, 1579, 94, 71] 2 7 20
37 [1072, 1580, 94, 71] 2 7 20
38 [1073, 1580, 94, 71] 2 7 20
39 [1075, 1580, 94, 71] 2 7 20
40 [1077, 1581, 94, 71] 2 7 20
0 [901, 1500, 86, 36] 2 8 -17
1 [902, 1499, 86, 36] 2 8 -13
2 [903, 1499, 86, 36] 2 8 -8
3 [904, 1498, 86, 36] 2 8 -4
4 [909, 1496, 86, 36] 2 8 0
5 [914, 1494, 86, 36] 2 8 1
6 [920, 1493, 86, 36] 2 8 4
7 [925, 1492, 86, 36] 2 8 8
8 [927, 1491, 86, 36] 2 8 11
9 [930, 1489, 86, 36] 2 8 14
10 [933, 1489, 86, 36] 2 8 16
11 [935, 1491, 86, 36] 2 8 13
12 [937, 1493, 86, 36] 2 8 8
13 [939, 1495, 86, 36] 2 8 5
14 [941, 1497, 86, 36] 2 8 2
15 [944, 1495, 86, 36] 2 8 5
16 [949, 1495, 86, 36] 2 8 5
17 [953, 1496, 86, 36] 2 8 5
18 [956, 1496, 86, 36] 2 8 3
19 [960, 1497, 86, 36] 2 8 1
20 [963, 1498, 86, 36] 2 8 0
21 [966, 1498, 86, 36] 2 8 0
22 [971, 1498, 86, 36] 2 8 0
23 [974, 1499, 86, 36] 2 8 0
24 [977, 1499, 86, 36] 2 8 0
25 [980, 1499, 86, 36] 2 8 0
26 [983, 1499, 86, 36] 2 8 0
27 [986, 1499, 86, 36] 2 8 0
28 [993, 1498, 86, 36] 2 8 0
29 [1000, 1498, 86, 36] 2 8 1
30 [1007, 1498, 86, 36] 2 8 3
31 [1014, 1498, 86, 36] 2 8 3
32 [1019, 1498, 86, 36] 2 8 3
33 [1022, 1498, 86, 36] 2 8 3
34 [1029, 1499, 86, 36] 2 8 3
35 [1034, 1499, 86, 36] 2 8 3
36 [1038, 1499, 86, 36] 2 8 3
37 [1043, 1500, 86, 36] 2 8 3
38 [1047, 1499, 86, 36] 2 8 3
39 [1051, 1500, 86, 36] 2 8 3
40 [1058, 1500, 86, 36] 2 8 3
0 [2161, 577, 42, 90] 2 9 95
1 [2161, 579, 42, 90] 2 9 94
2 [2161, 581, 42, 90] 2 9 93
3 [2161, 585, 42, 90] 2 9 92
4 [2160, 590, 42, 90] 2 9 91
5 [2160, 595, 42, 90] 2 9 91
6 [2159, 599, 42, 90] 2 9 91
7 [2158, 603, 42, 90] 2 9 90
8 [2158, 607, 42, 90] 2 9 89
9 [2158, 610, 42, 90] 2 9 89
10 [2157, 615, 42, 90] 2 9 88
11 [2158, 620, 42, 90] 2 9 89
12 [2158, 624, 42, 90] 2 9 91
13 [2159, 628, 42, 90] 2 9 93
14 [2159, 631, 42, 90] 2 9 96
15 [2158, 634, 42, 90] 2 9 97
16 [2158, 641, 42, 90] 2 9 98
17 [2158, 647, 42, 90] 2 9 98
18 [2158, 652, 42, 90] 2 9 99
19 [2158, 657, 42, 90] 2 9 100
20 [2158, 661, 42, 90] 2 9 101
21 [2158, 664, 42, 90] 2 9 101
22 [2157, 671, 42, 90] 2 9 101
23 [2155, 678, 42, 90] 2 9 100
24 [2153, 684, 42, 90] 2 9 98
25 [2151, 690, 42, 90] 2 9 96
26 [2150, 695, 42, 90] 2 9 94
27 [2150, 698, 42, 90] 2 9 93
28 [2149, 705, 42, 90] 2 9 92
29 [2148, 710, 42, 90] 2 9 92
30 [2147, 715, 42, 90] 2 9 92
31 [2147, 719, 42, 90] 2 9 92
32 [2147, 724, 42, 90] 2 9 92
33 [2146, 728, 42, 90] 2 9 92
34 [2145, 735, 42, 90] 2 9 92
35 [2146, 743, 42, 90] 2 9 92
36 [2146, 750, 42, 90] 2 9 92
37 [2147, 755, 42, 90] 2 9 92
38 [2147, 759, 42, 90] 2 9 92
39 [2147, 764, 42, 90] 2 9 92
40 [2145, 771, 42, 90] 2 9 92
0 [2050, 633, 52, 80] 2 10 90
1 [2051, 635, 52, 80] 2 10 89
2 [2050, 636, 52, 80] 2 10 87
3 [2049, 639, 52, 80] 2 10 85
4 [2049, 643, 52, 80] 2 10 85
5 [2050, 648, 52, 80] 2 10 86
6 [2051, 652, 52, 80] 2 10 90
7 [2051, 656, 52, 80] 2 10 96
8 [2052, 659, 52, 80] 2 10 101
9 [2051, 661, 52, 80] 2 10 103
10 [2050, 666, 52, 80] 2 10 106
11 [2051, 671, 52, 80] 2 10 107
12 [2052, 675, 52, 80] 2 10 109
13 [2052, 679, 52, 80] 2 10 110
14 [2052, 682, 52, 80] 2 10 111
15 [2052, 686, 52, 80] 2 10 111
16 [2050, 691, 52, 80] 2 10 109
17 [2047, 694, 52, 80] 2 10 106
18 [2044, 697, 52, 80] 2 10 101
19 [2042, 699, 52, 80] 2 10 97
20 [2040, 701, 52, 80] 2 10 95
21 [2040, 705, 52, 80] 2 10 95
22 [2040, 710, 52, 80] 2 10 94
23 [2039, 714, 52, 80] 2 10 94
24 [2038, 719, 52, 80] 2 10 93
25 [2038, 723, 52, 80] 2 10 92
26 [2037, 727, 52, 80] 2 10 92
27 [2036, 731, 52, 80] 2 10 91
28 [2035, 737, 52, 80] 2 10 91
29 [2035, 743, 52, 80] 2 10 92
30 [2036, 749, 52, 80] 2 10 93
31 [2036, 754, 52, 80] 2 10 93
32 [2036, 758, 52, 80] 2 10 93
33 [2035, 761, 52, 80] 2 10 93
34 [2035, 768, 52, 80] 2 10 93
35 [2035, 774, 52, 80] 2 10 93
36 [2035, 779, 52, 80] 2 10 93
37 [2035, 784, 52, 80] 2 10 93
38 [2034, 788, 52, 80] 2 10 93
39 [2033, 792, 52, 80] 2 10 93
40 [2033, 798, 52, 80] 2 10 93
2 [2104, 504, 61, 92] 2 11 144
3 [2112, 506, 61, 92] 2 11 149
4 [2107, 508, 61, 92] 2 11 144
5 [2095, 509, 61, 92] 2 11 131
6 [2083, 510, 61, 92] 2 11 110
7 [2073, 510, 61, 92] 2 11 92
8 [2068, 512, 61, 92] 2 11 83
9 [2072, 515, 61, 92] 2 11 88
10 [2072, 520, 61, 92] 2 11 88
11 [2072, 524, 61, 92] 2 11 89
12 [2072, 527, 61, 92] 2 11 88
13 [2072, 530, 61, 92] 2 11 85
14 [2072, 533, 61, 92] 2 11 81
15 [2071, 535, 61, 92] 2 11 78
16 [2072, 540, 61, 92] 2 11 76
17 [2072, 544, 61, 92] 2 11 75
18 [2072, 549, 61, 92] 2 11 79
19 [2072, 552, 61, 92] 2 11 86
20 [2073, 556, 61, 92] 2 11 93
21 [2072, 558, 61, 92] 2 11 97
22 [2073, 563, 61, 92] 2 11 102
23 [2075, 567, 61, 92] 2 11 104
24 [2077, 570, 61, 92] 2 11 109
25 [2079, 572, 61, 92] 2 11 114
26 [2080, 574, 61, 92] 2 11 117
27 [2080, 577, 61, 92] 2 11 119
28 [2078, 582, 61, 92] 2 11 120
29 [2075, 586, 61, 92] 2 11 117
30 [2071, 590, 61, 92] 2 11 111
31 [2067, 594, 61, 92] 2 11 111
32 [2065, 597, 61, 92] 2 11 111
33 [2066, 599, 61, 92] 2 11 111
34 [2065, 604, 61, 92] 2 11 111
35 [2063, 608, 61, 92] 2 11 111
36 [2061, 611, 61, 92] 2 11 111
37 [2059, 614, 61, 92] 2 11 111
38 [2058, 616, 61, 92] 2 11 111
39 [2057, 620, 61, 92] 2 11 111
40 [2057, 625, 61, 92] 2 11 111
33 [1952, 750, 36, 84] 2 12 151
34 [1952, 753, 36, 84] 2 12 143
35 [1940, 756, 36, 84] 2 12 143
36 [1923, 760, 36, 84] 2 12 143
37 [1911, 764, 36, 84] 2 12 143
38 [1907, 769, 36, 84] 2 12 143
39 [1907, 774, 36, 84] 2 12 143
40 [1911, 783, 36, 84] 2 12 143
