0 [2092, 476, 62, 46] 1 0 69
1 [2094, 475, 62, 46] 1 0 88
2 [2094, 479, 62, 46] 1 0 101
3 [2094, 484, 62, 46] 1 0 110
4 [2095, 487, 62, 46] 1 0 119
5 [2097, 487, 62, 46] 1 0 114
6 [2100, 487, 62, 46] 1 0 122
7 [2102, 486, 62, 46] 1 0 130
8 [2103, 487, 62, 46] 1 0 136
9 [2103, 491, 62, 46] 1 0 140
10 [2100, 495, 62, 46] 1 0 142
11 [2095, 499, 62, 46] 1 0 139
12 [2089, 503, 62, 46] 1 0 135
13 [2085, 506, 62, 46] 1 0 131
14 [2083, 508, 62, 46] 1 0 129
15 [2087, 510, 62, 46] 1 0 130
16 [2082, 515, 62, 46] 1 0 129
17 [2073, 521, 62, 46] 1 0 124
18 [2062, 526, 62, 46] 1 0 116
19 [2054, 531, 62, 46] 1 0 108
20 [2049, 535, 62, 46] 1 0 103
21 [2051, 536, 62, 46] 1 0 103
22 [2049, 542, 62, 46] 1 0 103
23 [2047, 549, 62, 46] 1 0 103
24 [2044, 555, 62, 46] 1 0 103
25 [2042, 562, 62, 46] 1 0 103
26 [2040, 567, 62, 46] 1 0 103
27 [2039, 570, 62, 46] 1 0 103
28 [2038, 575, 62, 46] 1 0 103
29 [2037, 579, 62, 46] 1 0 103
30 [2038, 580, 62, 46] 1 0 103
0 [2310, 515, 85, 112] 1 1 134
1 [2309, 514, 85, 112] 1 1 126
2 [2309, 516, 85, 112] 1 1 122
3 [2309, 519, 85, 112] 1 1 121
4 [2307, 522, 85, 112] 1 1 118
5 [2304, 523, 85, 112] 1 1 114
6 [2301, 523, 85, 112] 1 1 108
7 [2299, 523, 85, 112] 1 1 106
8 [2296, 524, 85, 112] 1 1 105
9 [2296, 527, 85, 112] 1 1 105
10 [2295, 530, 85, 112] 1 1 107
11 [2296, 533, 85, 112] 1 1 109
12 [2297, 535, 85, 112] 1 1 112
13 [2298, 537, 85, 112] 1 1 115
14 [2297, 540, 85, 112] 1 1 116
15 [2296, 541, 85, 112] 1 1 115
16 [2293, 547, 85, 112] 1 1 116
17 [2290, 554, 85, 112] 1 1 114
18 [2286, 562, 85, 112] 1 1 114
19 [2284, 569, 85, 112] 1 1 118
20 [2282, 573, 85, 112] 1 1 128
21 [2281, 575, 85, 112] 1 1 128
22 [2279, 578, 85, 112] 1 1 128
23 [2278, 579, 85, 112] 1 1 128
24 [2277, 581, 85, 112] 1 1 128
25 [2276, 582, 85, 112] 1 1 128
26 [2275, 582, 85, 112] 1 1 128
27 [2275, 586, 85, 112] 1 1 128
28 [2274, 590, 85, 112] 1 1 128
29 [2270, 593, 85, 112] 1 1 128
30 [2263, 597, 85, 112] 1 1 128
0 [2304, 373, 66, 65] 1 2 -36
1 [2304, 373, 66, 65] 1 2 -27
2 [2304, 374, 66, 65] 1 2 -33
3 [2305, 375, 66, 65] 1 2 -40
4 [2305, 374, 66, 65] 1 2 -35
5 [2306, 373, 66, 65] 1 2 -18
6 [2306, 371, 66, 65] 1 2 8
7 [2306, 370, 66, 65] 1 2 34
8 [2307, 369, 66, 65] 1 2 48
9 [2307, 370, 66, 65] 1 2 52
10 [2308, 371, 66, 65] 1 2 60
11 [2308, 370, 66, 65] 1 2 72
12 [2310, 370, 66, 65] 1 2 73
13 [2311, 370, 66, 65] 1 2 64
14 [2311, 370, 66, 65] 1 2 50
15 [2312, 371, 66, 65] 1 2 41
16 [2312, 372, 66, 65] 1 2 36
17 [2312, 374, 66, 65] 1 2 39
18 [2312, 375, 66, 65] 1 2 38
19 [2312, 377, 66, 65] 1 2 40
20 [2311, 377, 66, 65] 1 2 55
21 [2311, 378, 66, 65] 1 2 55
22 [2312, 378, 66, 65] 1 2 55
23 [2315, 378, 66, 65] 1 2 55
24 [2318, 378, 66, 65] 1 2 55
25 [2320, 378, 66, 65] 1 2 55
26 [2321, 379, 66, 65] 1 2 55
27 [2320, 380, 66, 65] 1 2 55
28 [2320, 382, 66, 65] 1 2 55
29 [2318, 382, 66, 65] 1 2 55
30 [2314, 382, 66, 65] 1 2 55
0 [204, 1800, 178, 73] 2 6 -6
1 [207, 1799, 178, 73] 2 6 -5
2 [214, 1800, 178, 73] 2 6 -5
3 [223, 1800, 178, 73] 2 6 -6
4 [236, 1799, 178, 73] 2 6 -6
5 [248, 1797, 178, 73] 2 6 -6
6 [257, 1795, 178, 73] 2 6 -5
7 [266, 1793, 178, 73] 2 6 -3
8 [274, 1791, 178, 73] 2 6 -1
9 [282, 1790, 178, 73] 2 6 0
10 [296, 1789, 178, 73] 2 6 0
11 [308, 1789, 178, 73] 2 6 0
12 [318, 1789, 178, 73] 2 6 -2
13 [328, 1789, 178, 73] 2 6 -4
14 [337, 1788, 178, 73] 2 6 -6
15 [346, 1787, 178, 73] 2 6 -6
16 [357, 1786, 178, 73] 2 6 -7
17 [365, 1787, 178, 73] 2 6 -8
18 [370, 1788, 178, 73] 2 6 -9
19 [375, 1789, 178, 73] 2 6 -11
20 [382, 1789, 178, 73] 2 6 -12
21 [389, 1788, 178, 73] 2 6 -12
22 [405, 1785, 178, 73] 2 6 -12
23 [420, 1781, 178, 73] 2 6 -12
24 [435, 1778, 178, 73] 2 6 -12
25 [448, 1774, 178, 73] 2 6 -12
26 [458, 1772, 178, 73] 2 6 -12
27 [464, 1772, 178, 73] 2 6 -12
28 [476, 1769, 178, 73] 2 6 -12
29 [492, 1766, 178, 73] 2 6 -12
30 [512, 1759, 178, 73] 2 6 -12
0 [31, 2008, 153, 96] 2 7 -45
1 [32, 2006, 153, 96] 2 7 -45
2 [33, 2004, 153, 96] 2 7 -47
3 [34, 2002, 153, 96] 2 7 -49
4 [37, 1999, 153, 96] 2 7 -50
5 [41, 1995, 153, 96] 2 7 -49
6 [44, 1992, 153, 96] 2 7 -48
7 [47, 1989, 153, 96] 2 7 -44
8 [49, 1987, 153, 96] 2 7 -42
9 [52, 1986, 153, 96] 2 7 -42
10 [53, 1985, 153, 96] 2 7 -40
11 [53, 1985, 153, 96] 2 7 -39
12 [51, 1984, 153, 96] 2 7 -40
13 [50, 1984, 153, 96] 2 7 -42
14 [50, 1984, 153, 96] 2 7 -46
15 [52, 1982, 153, 96] 2 7 -51
16 [55, 1980, 153, 96] 2 7 -55
17 [59, 1977, 153, 96] 2 7 -62
18 [62, 1975, 153, 96] 2 7 -64
19 [65, 1974, 153, 96] 2 7 -51
20 [68, 1972, 153, 96] 2 7 -34
21 [70, 1970, 153, 96] 2 7 -34
22 [72, 1967, 153, 96] 2 7 -34
23 [71, 1964, 153, 96] 2 7 -34
24 [70, 1962, 153, 96] 2 7 -34
25 [70, 1960, 153, 96] 2 7 -34
26 [70, 1958, 153, 96] 2 7 -34
27 [70, 1957, 153, 96] 2 7 -34
28 [72, 1954, 153, 96] 2 7 -34
29 [85, 1949, 153, 96] 2 7 -34
30 [112, 1942, 153, 96] 2 7 -34
0 [356, 0, 110, 304] 2 8 -18
1 [357, -1, 110, 304] 2 8 -22
2 [357, 0, 110, 304] 2 8 -36
3 [356, 1, 110, 304] 2 8 -46
4 [357, 0, 110, 304] 2 8 -54
5 [360, 0, 110, 304] 2 8 -57
6 [363, -2, 110, 304] 2 8 -72
7 [365, -3, 110, 304] 2 8 -95
8 [366, -3, 110, 304] 2 8 -103
9 [367, -2, 110, 304] 2 8 -98
10 [367, -3, 110, 304] 2 8 -97
11 [366, -4, 110, 304] 2 8 -95
12 [365, -6, 110, 304] 2 8 -85
13 [365, -7, 110, 304] 2 8 -73
14 [364, -8, 110, 304] 2 8 -59
15 [364, -7, 110, 304] 2 8 -71
16 [365, -8, 110, 304] 2 8 -71
17 [365, -8, 110, 304] 2 8 -79
18 [365, -9, 110, 304] 2 8 -85
19 [365, -9, 110, 304] 2 8 -41
20 [366, -10, 110, 304] 2 8 54
21 [366, -10, 110, 304] 2 8 54
22 [366, -10, 110, 304] 2 8 54
23 [366, -10, 110, 304] 2 8 54
24 [366, -10, 110, 304] 2 8 54
25 [366, -11, 110, 304] 2 8 54
26 [366, -11, 110, 304] 2 8 54
27 [365, -11, 110, 304] 2 8 54
28 [365, -11, 110, 304] 2 8 54
29 [366, -10, 110, 304] 2 8 54
30 [367, -7, 110, 304] 2 8 54
0 [2124, 705, 74, 68] 1 10 -64
1 [2125, 702, 74, 68] 1 10 -61
2 [2125, 703, 74, 68] 1 10 -59
3 [2125, 703, 74, 68] 1 10 -58
4 [2127, 698, 74, 68] 1 10 -57
5 [2130, 691, 74, 68] 1 10 -57
6 [2133, 683, 74, 68] 1 10 -53
7 [2136, 676, 74, 68] 1 10 -45
8 [2138, 672, 74, 68] 1 10 -38
9 [2139, 671, 74, 68] 1 10 -37
10 [2141, 669, 74, 68] 1 10 -37
11 [2143, 668, 74, 68] 1 10 -40
12 [2145, 669, 74, 68] 1 10 -50
13 [2146, 669, 74, 68] 1 10 -60
14 [2147, 668, 74, 68] 1 10 -68
15 [2146, 666, 74, 68] 1 10 -70
16 [2149, 663, 74, 68] 1 10 -75
17 [2154, 659, 74, 68] 1 10 -79
18 [2159, 655, 74, 68] 1 10 -87
19 [2164, 652, 74, 68] 1 10 -95
20 [2166, 649, 74, 68] 1 10 -102
21 [2166, 649, 74, 68] 1 10 -102
22 [2165, 644, 74, 68] 1 10 -102
23 [2163, 639, 74, 68] 1 10 -102
24 [2161, 633, 74, 68] 1 10 -102
25 [2159, 628, 74, 68] 1 10 -102
26 [2159, 624, 74, 68] 1 10 -102
27 [2160, 623, 74, 68] 1 10 -102
28 [2161, 620, 74, 68] 1 10 -102
29 [2160, 618, 74, 68] 1 10 -102
30 [2159, 619, 74, 68] 1 10 -102
7 [2254, 418, 68, 62] 1 11 165
8 [2254, 417, 68, 62] 1 11 168
9 [2254, 417, 68, 62] 1 11 169
10 [2254, 417, 68, 62] 1 11 170
11 [2253, 417, 68, 62] 1 11 169
12 [2251, 418, 68, 62] 1 11 171
13 [2250, 418, 68, 62] 1 11 172
14 [2249, 419, 68, 62] 1 11 174
15 [2252, 419, 68, 62] 1 11 175
16 [2248, 420, 68, 62] 1 11 176
17 [2242, 421, 68, 62] 1 11 175
18 [2234, 421, 68, 62] 1 11 174
19 [2227, 422, 68, 62] 1 11 176
20 [2223, 422, 68, 62] 1 11 -173
21 [2224, 422, 68, 62] 1 11 -173
22 [2221, 422, 68, 62] 1 11 -173
23 [2218, 422, 68, 62] 1 11 -173
24 [2215, 422, 68, 62] 1 11 -173
25 [2213, 422, 68, 62] 1 11 -173
26 [2210, 422, 68, 62] 1 11 -173
27 [2210, 423, 68, 62] 1 11 -173
28 [2208, 424, 68, 62] 1 11 -173
29 [2204, 423, 68, 62] 1 11 -173
30 [2195, 419, 68, 62] 1 11 -173
13 [37, 1917, 158, 66] 2 12 -37
14 [36, 1922, 158, 66] 2 12 -38
15 [42, 1919, 158, 66] 2 12 -38
16 [54, 1911, 158, 66] 2 12 -37
17 [67, 1896, 158, 66] 2 12 -34
18 [78, 1882, 158, 66] 2 12 -30
19 [89, 1869, 158, 66] 2 12 -26
20 [98, 1861, 158, 66] 2 12 -26
21 [103, 1861, 158, 66] 2 12 -26
22 [115, 1855, 158, 66] 2 12 -26
23 [123, 1850, 158, 66] 2 12 -26
24 [132, 1846, 158, 66] 2 12 -26
25 [139, 1842, 158, 66] 2 12 -26
26 [147, 1839, 158, 66] 2 12 -26
27 [151, 1838, 158, 66] 2 12 -26
28 [161, 1834, 158, 66] 2 12 -26
29 [182, 1823, 158, 66] 2 12 -26
30 [216, 1802, 158, 66] 2 12 -26
20 [2108, 519, 71, 67] 1 13 87
21 [2105, 517, 71, 67] 1 13 87
22 [2106, 522, 71, 67] 1 13 87
23 [2109, 530, 71, 67] 1 13 87
24 [2112, 538, 71, 67] 1 13 87
25 [2115, 544, 71, 67] 1 13 87
26 [2116, 547, 71, 67] 1 13 87
27 [2114, 548, 71, 67] 1 13 87
28 [2112, 552, 71, 67] 1 13 87
29 [2110, 557, 71, 67] 1 13 87
30 [2107, 562, 71, 67] 1 13 87
