0 [2353, 398, 138, 71] 1 0
1 [2353, 398, 138, 71] 1 0
2 [2361, 399, 138, 71] 1 0
3 [2371, 400, 138, 71] 1 0
0 [1768, 1, 105, 15] 1 1
1 [1768, 1, 105, 15] 1 1
2 [1768, 1, 105, 15] 1 1
3 [1768, 1, 105, 15] 1 1
0 [2278, 3, 159, 58] 2 2
1 [2278, 3, 159, 58] 2 2
2 [2277, 3, 159, 58] 2 2
3 [2276, 3, 159, 58] 2 2
0 [1927, 4, 142, 69] 2 3
1 [1927, 4, 142, 69] 2 3
2 [1927, 3, 142, 69] 2 3
3 [1927, 4, 142, 69] 2 3
0 [1093, 789, 347, 205] 2 4
1 [1093, 789, 347, 205] 2 4
2 [1080, 786, 347, 205] 2 4
3 [1067, 781, 347, 205] 2 4
