0 [1517, 784, 159, 202] 2 0
1 [1517, 784, 159, 202] 2 0
2 [1524, 778, 159, 202] 2 0
3 [1531, 776, 159, 202] 2 0
4 [1538, 768, 159, 202] 2 0
5 [1547, 764, 159, 202] 2 0
6 [1554, 760, 159, 202] 2 0
7 [1561, 756, 159, 202] 2 0
8 [1568, 752, 159, 202] 2 0
9 [1577, 748, 159, 202] 2 0
10 [1577, 760, 187, 132] 2 0
11 [1577, 760, 187, 132] 2 0
12 [1584, 758, 187, 132] 2 0
13 [1595, 754, 187, 132] 2 0
14 [1602, 752, 187, 132] 2 0
15 [1611, 750, 187, 132] 2 0
16 [1620, 748, 187, 132] 2 0
17 [1629, 746, 187, 132] 2 0
18 [1636, 746, 187, 132] 2 0
19 [1645, 744, 187, 132] 2 0
20 [1669, 770, 182, 88] 2 0
21 [1669, 770, 182, 88] 2 0
22 [1677, 770, 182, 88] 2 0
23 [1685, 770, 182, 88] 2 0
24 [1695, 770, 182, 88] 2 0
25 [1705, 772, 182, 88] 2 0
26 [1713, 772, 182, 88] 2 0
27 [1723, 774, 182, 88] 2 0
28 [1731, 776, 182, 88] 2 0
29 [1741, 778, 182, 88] 2 0
30 [1753, 783, 188, 84] 2 0
31 [1753, 783, 188, 84] 2 0
32 [1761, 785, 188, 84] 2 0
33 [1769, 787, 188, 84] 2 0
34 [1779, 791, 188, 84] 2 0
35 [1789, 795, 188, 84] 2 0
36 [1797, 799, 188, 84] 2 0
37 [1805, 801, 188, 84] 2 0
38 [1813, 803, 188, 84] 2 0
39 [1821, 809, 188, 84] 2 0
40 [1845, 812, 164, 89] 2 0
41 [1845, 812, 164, 89] 2 0
42 [1853, 815, 164, 89] 2 0
43 [1861, 820, 164, 89] 2 0
44 [1869, 825, 164, 89] 2 0
45 [1875, 830, 164, 89] 2 0
46 [1885, 835, 164, 89] 2 0
47 [1891, 840, 164, 89] 2 0
48 [1899, 845, 164, 89] 2 0
49 [1907, 852, 164, 89] 2 0
50 [1921, 859, 161, 98] 2 0
51 [1921, 859, 161, 98] 2 0
52 [1926, 865, 161, 98] 2 0
53 [1933, 871, 161, 98] 2 0
54 [1940, 877, 161, 98] 2 0
55 [1945, 883, 161, 98] 2 0
56 [1952, 891, 161, 98] 2 0
57 [1955, 899, 161, 98] 2 0
58 [1962, 905, 161, 98] 2 0
59 [1965, 913, 161, 98] 2 0
60 [1998, 888, 144, 171] 2 0
61 [1998, 888, 144, 171] 2 0
62 [2002, 895, 144, 171] 2 0
63 [2006, 900, 144, 171] 2 0
64 [2010, 909, 144, 171] 2 0
65 [2012, 916, 144, 171] 2 0
66 [2016, 925, 144, 171] 2 0
67 [2018, 932, 144, 171] 2 0
68 [2022, 939, 144, 171] 2 0
69 [2024, 946, 144, 171] 2 0
70 [2035, 951, 119, 197] 2 0
71 [2035, 951, 119, 197] 2 0
72 [2036, 958, 119, 197] 2 0
73 [2039, 965, 119, 197] 2 0
74 [2040, 976, 119, 197] 2 0
75 [2041, 985, 119, 197] 2 0
76 [2042, 994, 119, 197] 2 0
77 [2043, 1001, 119, 197] 2 0
78 [2042, 1010, 119, 197] 2 0
79 [2043, 1017, 119, 197] 2 0
80 [2048, 1035, 88, 205] 2 0
81 [2048, 1035, 88, 205] 2 0
82 [2046, 1040, 88, 205] 2 0
83 [2046, 1047, 88, 205] 2 0
84 [2044, 1060, 88, 205] 2 0
85 [2042, 1069, 88, 205] 2 0
86 [2040, 1078, 88, 205] 2 0
87 [2038, 1085, 88, 205] 2 0
88 [2036, 1092, 88, 205] 2 0
89 [2034, 1099, 88, 205] 2 0
90 [2031, 1119, 88, 200] 2 0
91 [2031, 1119, 88, 200] 2 0
92 [2029, 1127, 88, 200] 2 0
93 [2027, 1135, 88, 200] 2 0
94 [2021, 1143, 88, 200] 2 0
95 [2019, 1151, 88, 200] 2 0
96 [2013, 1161, 88, 200] 2 0
97 [2009, 1171, 88, 200] 2 0
98 [2005, 1177, 88, 200] 2 0
99 [2001, 1187, 88, 200] 2 0
100 [1986, 1209, 110, 174] 2 0
101 [1986, 1209, 110, 174] 2 0
102 [1982, 1217, 110, 174] 2 0
103 [1976, 1223, 110, 174] 2 0
104 [1972, 1231, 110, 174] 2 0
105 [1966, 1239, 110, 174] 2 0
106 [1958, 1245, 110, 174] 2 0
107 [1952, 1253, 110, 174] 2 0
108 [1948, 1259, 110, 174] 2 0
109 [1942, 1265, 110, 174] 2 0
110 [1914, 1297, 137, 150] 2 0
111 [1914, 1297, 137, 150] 2 0
112 [1907, 1303, 137, 150] 2 0
113 [1902, 1307, 137, 150] 2 0
114 [1893, 1313, 137, 150] 2 0
115 [1886, 1317, 137, 150] 2 0
116 [1877, 1323, 137, 150] 2 0
117 [1868, 1327, 137, 150] 2 0
118 [1861, 1331, 137, 150] 2 0
119 [1854, 1335, 137, 150] 2 0
120 [1808, 1355, 187, 125] 2 0
121 [1808, 1355, 187, 125] 2 0
122 [1801, 1358, 187, 125] 2 0
123 [1794, 1361, 187, 125] 2 0
124 [1785, 1366, 187, 125] 2 0
125 [1776, 1367, 187, 125] 2 0
126 [1769, 1370, 187, 125] 2 0
127 [1758, 1371, 187, 125] 2 0
128 [1751, 1374, 187, 125] 2 0
129 [1742, 1375, 187, 125] 2 0
130 [1714, 1403, 180, 84] 2 0
131 [1714, 1403, 180, 84] 2 0
132 [1706, 1405, 180, 84] 2 0
133 [1696, 1403, 180, 84] 2 0
134 [1686, 1403, 180, 84] 2 0
135 [1676, 1403, 180, 84] 2 0
136 [1670, 1405, 180, 84] 2 0
137 [1660, 1403, 180, 84] 2 0
138 [1650, 1403, 180, 84] 2 0
139 [1642, 1403, 180, 84] 2 0
140 [1631, 1402, 179, 79] 2 0
141 [1631, 1402, 179, 79] 2 0
142 [1622, 1401, 179, 79] 2 0
143 [1613, 1398, 179, 79] 2 0
144 [1604, 1397, 179, 79] 2 0
145 [1595, 1394, 179, 79] 2 0
146 [1584, 1393, 179, 79] 2 0
147 [1577, 1388, 179, 79] 2 0
148 [1566, 1385, 179, 79] 2 0
149 [1559, 1382, 179, 79] 2 0
150 [1544, 1368, 172, 84] 2 0
151 [1544, 1368, 172, 84] 2 0
152 [1536, 1364, 172, 84] 2 0
153 [1528, 1360, 172, 84] 2 0
154 [1522, 1354, 172, 84] 2 0
155 [1514, 1350, 172, 84] 2 0
156 [1506, 1344, 172, 84] 2 0
157 [1498, 1338, 172, 84] 2 0
158 [1492, 1334, 172, 84] 2 0
159 [1484, 1328, 172, 84] 2 0
160 [1482, 1309, 145, 104] 2 0
161 [1482, 1309, 145, 104] 2 0
162 [1477, 1303, 145, 104] 2 0
163 [1472, 1295, 145, 104] 2 0
164 [1465, 1287, 145, 104] 2 0
165 [1460, 1279, 145, 104] 2 0
166 [1453, 1271, 145, 104] 2 0
167 [1450, 1263, 145, 104] 2 0
168 [1443, 1255, 145, 104] 2 0
169 [1440, 1247, 145, 104] 2 0
170 [1426, 1216, 138, 150] 2 0
171 [1426, 1216, 138, 150] 2 0
172 [1424, 1210, 138, 150] 2 0
173 [1416, 1198, 138, 150] 2 0
174 [1414, 1190, 138, 150] 2 0
175 [1412, 1182, 138, 150] 2 0
176 [1406, 1174, 138, 150] 2 0
177 [1404, 1164, 138, 150] 2 0
178 [1400, 1158, 138, 150] 2 0
179 [1396, 1146, 138, 150] 2 0
180 [1410, 1110, 104, 178] 2 0
181 [1410, 1110, 104, 178] 2 0
182 [1408, 1102, 104, 178] 2 0
183 [1408, 1092, 104, 178] 2 0
184 [1406, 1080, 104, 178] 2 0
185 [1406, 1070, 104, 178] 2 0
186 [1404, 1062, 104, 178] 2 0
187 [1404, 1054, 104, 178] 2 0
188 [1404, 1044, 104, 178] 2 0
189 [1404, 1032, 104, 178] 2 0
190 [1414, 1009, 75, 204] 2 0
191 [1414, 1009, 75, 204] 2 0
192 [1415, 1001, 75, 204] 2 0
193 [1414, 993, 75, 204] 2 0
194 [1417, 983, 75, 204] 2 0
195 [1418, 973, 75, 204] 2 0
196 [1421, 961, 75, 204] 2 0
197 [1422, 953, 75, 204] 2 0
198 [1425, 945, 75, 204] 2 0
199 [1428, 935, 75, 204] 2 0
200 [1436, 913, 84, 194] 2 0
201 [1436, 913, 84, 194] 2 0
202 [1438, 905, 84, 194] 2 0
203 [1442, 897, 84, 194] 2 0
204 [1446, 889, 84, 194] 2 0
205 [1450, 879, 84, 194] 2 0
206 [1456, 869, 84, 194] 2 0
207 [1460, 861, 84, 194] 2 0
208 [1466, 853, 84, 194] 2 0
209 [1472, 845, 84, 194] 2 0
210 [1466, 844, 91, 186] 2 0
211 [1466, 844, 91, 186] 2 0
212 [1471, 836, 91, 186] 2 0
213 [1476, 828, 91, 186] 2 0
214 [1483, 820, 91, 186] 2 0
215 [1490, 814, 91, 186] 2 0
216 [1497, 808, 91, 186] 2 0
217 [1504, 798, 91, 186] 2 0
218 [1513, 794, 91, 186] 2 0
219 [1520, 788, 91, 186] 2 0
220 [1511, 783, 145, 149] 2 0
221 [1511, 783, 145, 149] 2 0
222 [1518, 778, 145, 149] 2 0
223 [1527, 771, 145, 149] 2 0
224 [1536, 766, 145, 149] 2 0
225 [1543, 761, 145, 149] 2 0
226 [1552, 756, 145, 149] 2 0
227 [1561, 751, 145, 149] 2 0
228 [1570, 748, 145, 149] 2 0
229 [1577, 743, 145, 149] 2 0
230 [1577, 742, 175, 126] 2 0
231 [1577, 742, 175, 126] 2 0
232 [1586, 738, 175, 126] 2 0
233 [1597, 734, 175, 126] 2 0
234 [1604, 732, 175, 126] 2 0
235 [1615, 730, 175, 126] 2 0
236 [1624, 726, 175, 126] 2 0
237 [1635, 722, 175, 126] 2 0
238 [1644, 720, 175, 126] 2 0
239 [1655, 720, 175, 126] 2 0
240 [1668, 721, 197, 113] 2 0
241 [1668, 721, 197, 113] 2 0
242 [1679, 720, 197, 113] 2 0
243 [1690, 719, 197, 113] 2 0
244 [1699, 720, 197, 113] 2 0
245 [1712, 721, 197, 113] 2 0
246 [1721, 722, 197, 113] 2 0
247 [1732, 721, 197, 113] 2 0
248 [1741, 724, 197, 113] 2 0
249 [1752, 725, 197, 113] 2 0
250 [1776, 746, 186, 84] 2 0
251 [1776, 746, 186, 84] 2 0
252 [1786, 748, 186, 84] 2 0
253 [1798, 752, 186, 84] 2 0
254 [1808, 754, 186, 84] 2 0
255 [1814, 758, 186, 84] 2 0
256 [1826, 762, 186, 84] 2 0
257 [1834, 764, 186, 84] 2 0
258 [1844, 770, 186, 84] 2 0
259 [1852, 774, 186, 84] 2 0
260 [1873, 766, 182, 113] 2 0
261 [1873, 766, 182, 113] 2 0
262 [1881, 771, 182, 113] 2 0
263 [1889, 776, 182, 113] 2 0
264 [1897, 781, 182, 113] 2 0
265 [1905, 788, 182, 113] 2 0
266 [1913, 793, 182, 113] 2 0
267 [1921, 800, 182, 113] 2 0
268 [1929, 805, 182, 113] 2 0
269 [1937, 812, 182, 113] 2 0
270 [1963, 813, 167, 142] 2 0
271 [1963, 813, 167, 142] 2 0
272 [1968, 819, 167, 142] 2 0
273 [1977, 827, 167, 142] 2 0
274 [1982, 833, 167, 142] 2 0
275 [1989, 841, 167, 142] 2 0
276 [1994, 849, 167, 142] 2 0
277 [2001, 857, 167, 142] 2 0
278 [2006, 863, 167, 142] 2 0
279 [2011, 871, 167, 142] 2 0
280 [2039, 876, 142, 165] 2 0
281 [2039, 876, 142, 165] 2 0
282 [2043, 883, 142, 165] 2 0
283 [2047, 892, 142, 165] 2 0
284 [2051, 901, 142, 165] 2 0
285 [2055, 910, 142, 165] 2 0
286 [2059, 919, 142, 165] 2 0
287 [2063, 928, 142, 165] 2 0
288 [2067, 937, 142, 165] 2 0
289 [2069, 946, 142, 165] 2 0
290 [2080, 950, 121, 197] 2 0
291 [2080, 950, 121, 197] 2 0
292 [2081, 959, 121, 197] 2 0
293 [2084, 970, 121, 197] 2 0
294 [2085, 979, 121, 197] 2 0
295 [2088, 990, 121, 197] 2 0
296 [2087, 999, 121, 197] 2 0
297 [2088, 1008, 121, 197] 2 0
298 [2087, 1017, 121, 197] 2 0
299 [2090, 1026, 121, 197] 2 0
300 [2095, 1050, 86, 207] 2 0
301 [2095, 1050, 86, 207] 2 0
302 [2095, 1059, 86, 207] 2 0
303 [2093, 1068, 86, 207] 2 0
304 [2093, 1079, 86, 207] 2 0
305 [2091, 1090, 86, 207] 2 0
306 [2089, 1099, 86, 207] 2 0
307 [2087, 1108, 86, 207] 2 0
308 [2085, 1117, 86, 207] 2 0
309 [2081, 1126, 86, 207] 2 0
310 [2085, 1136, 89, 203] 2 0
311 [2085, 1136, 89, 203] 2 0
312 [2082, 1145, 89, 203] 2 0
313 [2077, 1152, 89, 203] 2 0
314 [2074, 1163, 89, 203] 2 0
315 [2069, 1170, 89, 203] 2 0
316 [2066, 1179, 89, 203] 2 0
317 [2061, 1186, 89, 203] 2 0
318 [2056, 1195, 89, 203] 2 0
319 [2049, 1202, 89, 203] 2 0
320 [2024, 1246, 110, 166] 2 0
321 [2024, 1246, 110, 166] 2 0
322 [2018, 1252, 110, 166] 2 0
323 [2010, 1262, 110, 166] 2 0
324 [2002, 1268, 110, 166] 2 0
325 [1996, 1276, 110, 166] 2 0
326 [1990, 1282, 110, 166] 2 0
327 [1982, 1288, 110, 166] 2 0
328 [1974, 1296, 110, 166] 2 0
329 [1966, 1302, 110, 166] 2 0
330 [1934, 1328, 146, 134] 2 0
331 [1934, 1328, 146, 134] 2 0
332 [1926, 1334, 146, 134] 2 0
333 [1918, 1336, 146, 134] 2 0
334 [1908, 1342, 146, 134] 2 0
335 [1898, 1346, 146, 134] 2 0
336 [1890, 1350, 146, 134] 2 0
337 [1882, 1354, 146, 134] 2 0
338 [1872, 1358, 146, 134] 2 0
339 [1862, 1360, 146, 134] 2 0
340 [1826, 1379, 186, 110] 2 0
341 [1826, 1379, 186, 110] 2 0
342 [1818, 1381, 186, 110] 2 0
343 [1808, 1383, 186, 110] 2 0
344 [1796, 1385, 186, 110] 2 0
345 [1788, 1387, 186, 110] 2 0
346 [1778, 1387, 186, 110] 2 0
347 [1770, 1389, 186, 110] 2 0
348 [1760, 1389, 186, 110] 2 0
349 [1748, 1389, 186, 110] 2 0
350 [1725, 1401, 178, 85] 2 0
351 [1725, 1401, 178, 85] 2 0
352 [1715, 1400, 178, 85] 2 0
353 [1705, 1397, 178, 85] 2 0
354 [1695, 1396, 178, 85] 2 0
355 [1685, 1393, 178, 85] 2 0
356 [1677, 1392, 178, 85] 2 0
357 [1667, 1389, 178, 85] 2 0
358 [1657, 1386, 178, 85] 2 0
359 [1649, 1383, 178, 85] 2 0
360 [1629, 1366, 186, 108] 2 0
361 [1629, 1366, 186, 108] 2 0
362 [1621, 1362, 186, 108] 2 0
363 [1611, 1358, 186, 108] 2 0
364 [1603, 1354, 186, 108] 2 0
365 [1593, 1348, 186, 108] 2 0
366 [1585, 1344, 186, 108] 2 0
367 [1575, 1338, 186, 108] 2 0
368 [1567, 1332, 186, 108] 2 0
369 [1559, 1326, 186, 108] 2 0
370 [1538, 1310, 184, 125] 2 0
371 [1538, 1310, 184, 125] 2 0
372 [1530, 1305, 184, 125] 2 0
373 [1522, 1298, 184, 125] 2 0
374 [1516, 1289, 184, 125] 2 0
375 [1508, 1284, 184, 125] 2 0
376 [1502, 1275, 184, 125] 2 0
377 [1494, 1268, 184, 125] 2 0
378 [1488, 1259, 184, 125] 2 0
379 [1482, 1252, 184, 125] 2 0
380 [1490, 1217, 159, 152] 2 0
381 [1490, 1217, 159, 152] 2 0
382 [1485, 1209, 159, 152] 2 0
383 [1480, 1201, 159, 152] 2 0
384 [1475, 1191, 159, 152] 2 0
385 [1470, 1181, 159, 152] 2 0
386 [1467, 1175, 159, 152] 2 0
387 [1462, 1163, 159, 152] 2 0
388 [1459, 1155, 159, 152] 2 0
389 [1456, 1145, 159, 152] 2 0
390 [1473, 1109, 119, 189] 2 0
391 [1473, 1109, 119, 189] 2 0
392 [1470, 1100, 119, 189] 2 0
393 [1469, 1091, 119, 189] 2 0
394 [1466, 1082, 119, 189] 2 0
395 [1465, 1069, 119, 189] 2 0
396 [1462, 1060, 119, 189] 2 0
397 [1461, 1049, 119, 189] 2 0
398 [1460, 1040, 119, 189] 2 0
399 [1459, 1029, 119, 189] 2 0
400 [1459, 1016, 107, 186] 2 0
401 [1459, 1016, 107, 186] 2 0
402 [1460, 1008, 107, 186] 2 0
403 [1461, 998, 107, 186] 2 0
404 [1462, 990, 107, 186] 2 0
405 [1463, 978, 107, 186] 2 0
406 [1464, 968, 107, 186] 2 0
407 [1465, 956, 107, 186] 2 0
408 [1468, 946, 107, 186] 2 0
409 [1471, 936, 107, 186] 2 0
410 [1470, 909, 106, 195] 2 0
411 [1470, 909, 106, 195] 2 0
412 [1472, 902, 106, 195] 2 0
413 [1474, 893, 106, 195] 2 0
414 [1480, 882, 106, 195] 2 0
415 [1482, 871, 106, 195] 2 0
416 [1488, 862, 106, 195] 2 0
417 [1492, 853, 106, 195] 2 0
418 [1496, 842, 106, 195] 2 0
419 [1500, 835, 106, 195] 2 0
420 [1497, 808, 130, 240] 2 0
421 [1497, 808, 130, 240] 2 0
422 [1501, 802, 130, 240] 2 0
423 [1507, 792, 130, 240] 2 0
424 [1513, 784, 130, 240] 2 0
425 [1519, 776, 130, 240] 2 0
426 [1525, 768, 130, 240] 2 0
427 [1533, 760, 130, 240] 2 0
428 [1539, 752, 130, 240] 2 0
429 [1547, 746, 130, 240] 2 0
430 [1556, 748, 137, 159] 2 0
431 [1556, 748, 137, 159] 2 0
432 [1565, 741, 137, 159] 2 0
433 [1572, 736, 137, 159] 2 0
434 [1579, 731, 137, 159] 2 0
435 [1590, 724, 137, 159] 2 0
436 [1597, 719, 137, 159] 2 0
437 [1608, 712, 137, 159] 2 0
438 [1615, 709, 137, 159] 2 0
439 [1624, 704, 137, 159] 2 0
440 [1617, 712, 171, 119] 2 0
441 [1617, 712, 171, 119] 2 0
442 [1624, 711, 171, 119] 2 0
443 [1633, 706, 171, 119] 2 0
444 [1644, 705, 171, 119] 2 0
445 [1655, 702, 171, 119] 2 0
446 [1664, 699, 171, 119] 2 0
447 [1675, 696, 171, 119] 2 0
448 [1690, 691, 171, 119] 2 0
449 [1695, 692, 171, 119] 2 0
450 [1725, 704, 188, 85] 2 0
451 [1725, 704, 188, 85] 2 0
452 [1735, 705, 188, 85] 2 0
453 [1747, 706, 188, 85] 2 0
454 [1757, 707, 188, 85] 2 0
455 [1767, 706, 188, 85] 2 0
456 [1779, 707, 188, 85] 2 0
457 [1789, 710, 188, 85] 2 0
458 [1797, 711, 188, 85] 2 0
459 [1807, 712, 188, 85] 2 0
460 [1825, 717, 189, 81] 2 0
461 [1825, 717, 189, 81] 2 0
462 [1836, 716, 189, 81] 2 0
463 [1843, 721, 189, 81] 2 0
464 [1854, 722, 189, 81] 2 0
465 [1861, 727, 189, 81] 2 0
466 [1870, 732, 189, 81] 2 0
467 [1879, 733, 189, 81] 2 0
468 [1888, 738, 189, 81] 2 0
469 [1897, 741, 189, 81] 2 0
470 [1934, 746, 139, 89] 2 0
471 [1934, 746, 139, 89] 2 0
472 [1937, 755, 139, 89] 2 0
473 [1944, 762, 139, 89] 2 0
474 [1951, 765, 139, 89] 2 0
475 [1958, 772, 139, 89] 2 0
476 [1967, 777, 139, 89] 2 0
477 [1972, 782, 139, 89] 2 0
478 [1979, 787, 139, 89] 2 0
479 [1984, 794, 139, 89] 2 0
480 [2013, 789, 135, 111] 2 0
481 [2013, 789, 135, 111] 2 0
482 [2018, 796, 135, 111] 2 0
483 [2027, 803, 135, 111] 2 0
484 [2036, 806, 135, 111] 2 0
485 [2041, 815, 135, 111] 2 0
486 [2040, 824, 135, 111] 2 0
487 [2045, 833, 135, 111] 2 0
488 [2050, 836, 135, 111] 2 0
489 [2055, 847, 135, 111] 2 0
490 [2084, 836, 114, 184] 2 0
491 [2084, 836, 114, 184] 2 0
492 [2078, 854, 114, 184] 2 0
493 [2078, 862, 114, 184] 2 0
494 [2082, 870, 114, 184] 2 0
495 [2084, 878, 114, 184] 2 0
496 [2086, 886, 114, 184] 2 0
497 [2090, 896, 114, 184] 2 0
498 [2092, 904, 114, 184] 2 0
499 [2096, 910, 114, 184] 2 0
500 [2104, 912, 90, 193] 2 0
501 [2104, 912, 90, 193] 2 0
502 [2106, 917, 90, 193] 2 0
503 [2108, 930, 90, 193] 2 0
504 [2108, 937, 90, 193] 2 0
505 [2110, 948, 90, 193] 2 0
506 [2110, 959, 90, 193] 2 0
507 [2110, 970, 90, 193] 2 0
508 [2110, 979, 90, 193] 2 0
509 [2110, 988, 90, 193] 2 0
510 [2106, 1013, 81, 202] 2 0
511 [2106, 1013, 81, 202] 2 0
512 [2107, 1021, 81, 202] 2 0
513 [2104, 1025, 81, 202] 2 0
514 [2105, 1035, 81, 202] 2 0
515 [2100, 1047, 81, 202] 2 0
516 [2097, 1057, 81, 202] 2 0
517 [2096, 1069, 81, 202] 2 0
518 [2095, 1075, 81, 202] 2 0
519 [2090, 1083, 81, 202] 2 0
520 [2092, 1106, 92, 195] 2 0
521 [2092, 1106, 92, 195] 2 0
522 [2088, 1111, 92, 195] 2 0
523 [2084, 1118, 92, 195] 2 0
524 [2080, 1129, 92, 195] 2 0
525 [2074, 1138, 92, 195] 2 0
526 [2072, 1145, 92, 195] 2 0
527 [2066, 1152, 92, 195] 2 0
528 [2060, 1161, 92, 195] 2 0
529 [2054, 1170, 92, 195] 2 0
530 [2017, 1204, 117, 164] 2 0
531 [2017, 1204, 117, 164] 2 0
532 [2012, 1210, 117, 164] 2 0
533 [2005, 1216, 117, 164] 2 0
534 [2018, 1200, 117, 164] 2 0
535 [1993, 1228, 117, 164] 2 0
536 [1988, 1234, 117, 164] 2 0
537 [1977, 1240, 117, 164] 2 0
538 [1972, 1246, 117, 164] 2 0
539 [1963, 1252, 117, 164] 2 0
540 [1922, 1282, 160, 142] 2 0
541 [1922, 1282, 160, 142] 2 0
542 [1914, 1286, 160, 142] 2 0
543 [1906, 1290, 160, 142] 2 0
544 [1898, 1294, 160, 142] 2 0
545 [1888, 1298, 160, 142] 2 0
546 [1882, 1300, 160, 142] 2 0
547 [1870, 1306, 160, 142] 2 0
548 [1862, 1308, 160, 142] 2 0
549 [1852, 1312, 160, 142] 2 0
550 [1829, 1324, 181, 118] 2 0
551 [1829, 1324, 181, 118] 2 0
552 [1820, 1326, 181, 118] 2 0
553 [1811, 1326, 181, 118] 2 0
554 [1806, 1326, 181, 118] 2 0
555 [1791, 1326, 181, 118] 2 0
556 [1782, 1328, 181, 118] 2 0
557 [1773, 1330, 181, 118] 2 0
558 [1764, 1328, 181, 118] 2 0
559 [1757, 1328, 181, 118] 2 0
560 [1717, 1337, 192, 80] 2 0
561 [1717, 1337, 192, 80] 2 0
562 [1707, 1335, 192, 80] 2 0
563 [1695, 1333, 192, 80] 2 0
564 [1691, 1329, 192, 80] 2 0
565 [1681, 1329, 192, 80] 2 0
566 [1671, 1329, 192, 80] 2 0
567 [1659, 1327, 192, 80] 2 0
568 [1649, 1323, 192, 80] 2 0
569 [1641, 1321, 192, 80] 2 0
570 [1634, 1328, 183, 84] 2 0
571 [1634, 1328, 183, 84] 2 0
572 [1625, 1324, 183, 84] 2 0
573 [1616, 1322, 183, 84] 2 0
574 [1607, 1316, 183, 84] 2 0
575 [1602, 1312, 183, 84] 2 0
576 [1593, 1308, 183, 84] 2 0
577 [1582, 1304, 183, 84] 2 0
578 [1573, 1298, 183, 84] 2 0
579 [1566, 1294, 183, 84] 2 0
580 [1544, 1242, 189, 132] 2 0
581 [1544, 1242, 189, 132] 2 0
582 [1537, 1236, 189, 132] 2 0
583 [1530, 1230, 189, 132] 2 0
584 [1523, 1224, 189, 132] 2 0
585 [1516, 1218, 189, 132] 2 0
586 [1509, 1210, 189, 132] 2 0
587 [1502, 1204, 189, 132] 2 0
588 [1495, 1198, 189, 132] 2 0
589 [1490, 1192, 189, 132] 2 0
590 [1480, 1170, 195, 155] 2 0
591 [1480, 1170, 195, 155] 2 0
592 [1475, 1163, 195, 155] 2 0
593 [1470, 1154, 195, 155] 2 0
594 [1467, 1147, 195, 155] 2 0
595 [1464, 1136, 195, 155] 2 0
596 [1459, 1129, 195, 155] 2 0
597 [1456, 1118, 195, 155] 2 0
598 [1451, 1113, 195, 155] 2 0
599 [1444, 1104, 195, 155] 2 0
600 [1471, 1097, 129, 180] 2 0
601 [1471, 1097, 129, 180] 2 0
602 [1468, 1089, 129, 180] 2 0
603 [1471, 1077, 129, 180] 2 0
604 [1462, 1071, 129, 180] 2 0
605 [1459, 1065, 129, 180] 2 0
606 [1458, 1053, 129, 180] 2 0
607 [1455, 1043, 129, 180] 2 0
608 [1454, 1035, 129, 180] 2 0
609 [1453, 1027, 129, 180] 2 0
610 [1457, 991, 108, 196] 2 0
611 [1457, 991, 108, 196] 2 0
612 [1463, 975, 108, 196] 2 0
613 [1459, 973, 108, 196] 2 0
614 [1459, 963, 108, 196] 2 0
615 [1459, 953, 108, 196] 2 0
616 [1461, 943, 108, 196] 2 0
617 [1461, 933, 108, 196] 2 0
618 [1463, 923, 108, 196] 2 0
619 [1465, 915, 108, 196] 2 0
620 [1459, 910, 102, 185] 2 0
621 [1459, 910, 102, 185] 2 0
622 [1461, 903, 102, 185] 2 0
623 [1463, 894, 102, 185] 2 0
624 [1467, 885, 102, 185] 2 0
625 [1469, 876, 102, 185] 2 0
626 [1473, 865, 102, 185] 2 0
627 [1489, 834, 102, 185] 2 0
628 [1483, 847, 102, 185] 2 0
629 [1487, 840, 102, 185] 2 0
630 [1504, 824, 95, 217] 2 0
631 [1504, 824, 95, 217] 2 0
632 [1511, 813, 95, 217] 2 0
633 [1516, 808, 95, 217] 2 0
634 [1521, 801, 95, 217] 2 0
635 [1526, 794, 95, 217] 2 0
636 [1533, 785, 95, 217] 2 0
637 [1538, 780, 95, 217] 2 0
638 [1545, 773, 95, 217] 2 0
639 [1552, 766, 95, 217] 2 0
640 [1531, 761, 149, 162] 2 0
641 [1531, 761, 149, 162] 2 0
642 [1538, 755, 149, 162] 2 0
643 [1549, 741, 149, 162] 2 0
644 [1554, 743, 149, 162] 2 0
645 [1561, 739, 149, 162] 2 0
646 [1570, 735, 149, 162] 2 0
647 [1577, 729, 149, 162] 2 0
648 [1588, 723, 149, 162] 2 0
649 [1595, 721, 149, 162] 2 0
650 [1600, 726, 188, 137] 2 0
651 [1600, 726, 188, 137] 2 0
652 [1606, 727, 188, 137] 2 0
653 [1616, 726, 188, 137] 2 0
654 [1624, 721, 188, 137] 2 0
655 [1636, 712, 188, 137] 2 0
656 [1644, 715, 188, 137] 2 0
657 [1654, 716, 188, 137] 2 0
658 [1662, 713, 188, 137] 2 0
659 [1672, 712, 188, 137] 2 0
660 [1689, 729, 177, 86] 2 0
661 [1689, 729, 177, 86] 2 0
662 [1698, 729, 177, 86] 2 0
663 [1707, 727, 177, 86] 2 0
664 [1718, 725, 177, 86] 2 0
665 [1727, 729, 177, 86] 2 0
666 [1736, 729, 177, 86] 2 0
667 [1745, 729, 177, 86] 2 0
668 [1756, 731, 177, 86] 2 0
669 [1767, 727, 177, 86] 2 0
670 [1788, 728, 203, 104] 2 0
671 [1788, 728, 203, 104] 2 0
672 [1799, 730, 203, 104] 2 0
673 [1808, 732, 203, 104] 2 0
674 [1819, 734, 203, 104] 2 0
675 [1828, 738, 203, 104] 2 0
676 [1839, 740, 203, 104] 2 0
677 [1850, 742, 203, 104] 2 0
678 [1859, 746, 203, 104] 2 0
679 [1868, 750, 203, 104] 2 0
680 [1912, 776, 168, 87] 2 0
681 [1912, 776, 168, 87] 2 0
682 [1922, 779, 168, 87] 2 0
683 [1940, 756, 168, 87] 2 0
684 [1942, 783, 168, 87] 2 0
685 [1952, 790, 168, 87] 2 0
686 [1964, 781, 168, 87] 2 0
687 [1974, 798, 168, 87] 2 0
688 [1986, 801, 168, 87] 2 0
689 [1994, 810, 168, 87] 2 0
690 [2006, 805, 150, 122] 2 0
691 [2006, 805, 150, 122] 2 0
692 [2016, 809, 150, 122] 2 0
693 [2028, 813, 150, 122] 2 0
694 [2040, 819, 150, 122] 2 0
695 [2050, 823, 150, 122] 2 0
696 [2060, 829, 150, 122] 2 0
697 [2076, 799, 150, 122] 2 0
698 [2084, 835, 150, 122] 2 0
699 [2094, 845, 150, 122] 2 0
700 [2100, 855, 194, 117] 2 0
701 [2100, 855, 194, 117] 2 0
702 [2110, 858, 194, 117] 2 0
703 [2122, 863, 194, 117] 2 0
