0 [2286, 178, 75, 93] 1 1
1 [2286, 178, 75, 93] 1 1
2 [2285, 179, 75, 93] 1 1
3 [2284, 180, 75, 93] 1 1
4 [2285, 179, 75, 93] 1 1
5 [2284, 180, 75, 93] 1 1
6 [2285, 179, 75, 93] 1 1
7 [2288, 175, 74, 91] 1 1
8 [2288, 175, 74, 91] 1 1
9 [2288, 176, 74, 91] 1 1
10 [2288, 177, 74, 91] 1 1
11 [2288, 176, 74, 91] 1 1
12 [2288, 177, 74, 91] 1 1
13 [2288, 176, 74, 91] 1 1
14 [2284, 171, 76, 93] 1 1
15 [2284, 171, 76, 93] 1 1
16 [2284, 172, 76, 93] 1 1
17 [2284, 171, 76, 93] 1 1
18 [2284, 172, 76, 93] 1 1
19 [2284, 171, 76, 93] 1 1
20 [2284, 172, 76, 93] 1 1
21 [2286, 179, 74, 89] 1 1
22 [2286, 179, 74, 89] 1 1
0 [2049, 132, 72, 122] 1 2
1 [2049, 132, 72, 122] 1 2
2 [2049, 132, 72, 122] 1 2
3 [2049, 132, 72, 122] 1 2
4 [2049, 132, 72, 122] 1 2
5 [2049, 132, 72, 122] 1 2
6 [2049, 132, 72, 122] 1 2
7 [2051, 134, 71, 121] 1 2
8 [2051, 134, 71, 121] 1 2
9 [2050, 135, 71, 121] 1 2
10 [2051, 136, 71, 121] 1 2
11 [2050, 135, 71, 121] 1 2
12 [2051, 136, 71, 121] 1 2
13 [2050, 135, 71, 121] 1 2
14 [2052, 131, 71, 116] 1 2
15 [2052, 131, 71, 116] 1 2
16 [2051, 131, 71, 116] 1 2
17 [2050, 131, 71, 116] 1 2
18 [2051, 131, 71, 116] 1 2
19 [2050, 131, 71, 116] 1 2
20 [2051, 131, 71, 116] 1 2
21 [2048, 137, 73, 118] 1 2
22 [2048, 137, 73, 118] 1 2
0 [2390, 125, 82, 111] 1 3
1 [2390, 125, 82, 111] 1 3
2 [2390, 124, 82, 111] 1 3
3 [2390, 127, 82, 111] 1 3
4 [2390, 126, 82, 111] 1 3
5 [2390, 127, 82, 111] 1 3
6 [2390, 126, 82, 111] 1 3
7 [2388, 128, 82, 111] 1 3
8 [2388, 128, 82, 111] 1 3
9 [2388, 129, 82, 111] 1 3
10 [2388, 128, 82, 111] 1 3
11 [2388, 129, 82, 111] 1 3
12 [2388, 128, 82, 111] 1 3
13 [2388, 129, 82, 111] 1 3
14 [2390, 128, 83, 110] 1 3
15 [2390, 128, 83, 110] 1 3
16 [2389, 128, 83, 110] 1 3
17 [2388, 128, 83, 110] 1 3
18 [2389, 128, 83, 110] 1 3
19 [2388, 128, 83, 110] 1 3
20 [2389, 128, 83, 110] 1 3
21 [2387, 121, 81, 118] 1 3
22 [2387, 121, 81, 118] 1 3
0 [2172, 114, 68, 100] 1 4
1 [2172, 114, 68, 100] 1 4
2 [2172, 114, 68, 100] 1 4
3 [2172, 114, 68, 100] 1 4
4 [2172, 114, 68, 100] 1 4
5 [2172, 114, 68, 100] 1 4
6 [2172, 114, 68, 100] 1 4
7 [2173, 111, 64, 107] 1 4
8 [2173, 111, 64, 107] 1 4
9 [2173, 112, 64, 107] 1 4
10 [2173, 113, 64, 107] 1 4
11 [2173, 112, 64, 107] 1 4
12 [2173, 113, 64, 107] 1 4
13 [2173, 112, 64, 107] 1 4
14 [2173, 108, 63, 114] 1 4
15 [2173, 108, 63, 114] 1 4
16 [2172, 108, 63, 114] 1 4
17 [2173, 108, 63, 114] 1 4
18 [2172, 108, 63, 114] 1 4
19 [2173, 108, 63, 114] 1 4
20 [2172, 108, 63, 114] 1 4
21 [2169, 108, 68, 116] 1 4
22 [2169, 108, 68, 116] 1 4
